ID,Loc,Block,Border,Row,Tree,Fam,Year,Sur,GLD,HT
20101,HF,1,1,1,1,AGHS3,0,0,5.77,0.07
20102,HF,1,1,1,2,AGHS3,0,0,5.83,0.55
20103,HF,1,1,1,3,AGHS3,0,0,6.3,0.62
20104,HF,1,1,1,4,AGHS3,0,0,5.01,0.54
20105,HF,1,1,1,5,AGHS3,0,0,3.93,0.42
20106,HF,1,1,1,6,AGH25,0,0,5.67,0.45
20107,HF,1,1,1,7,AGH25,0,0,4.14,0.39
20108,HF,1,1,1,8,AGH25,0,0,4.97,0.37
20109,HF,1,1,1,9,AGH25,0,0,4.63,0.42
20110,HF,1,1,1,10,AGH25,0,0,3.87,0.43
20111,HF,1,1,1,11,AGH2,0,0,5.21,0.27
20112,HF,1,1,1,12,AGH2,0,0,6.8,0.4
20113,HF,1,1,1,13,AGH2,0,0,6.19,0.38
20114,HF,1,1,1,14,AGH2,0,0,4.48,0.35
20115,HF,1,1,1,15,AGH2,0,0,5.68,0.49
20116,HF,1,1,1,16,AGHS2,0,0,4.34,0.39
20117,HF,1,1,1,17,AGHS2,0,0,4.69,0.49
20118,HF,1,1,1,18,AGHS2,0,0,4.73,0.46
20119,HF,1,1,1,19,AGHS2,0,0,4.55,0.42
20120,HF,1,1,1,20,AGHS2,0,0,5.54,0.58
20121,HF,1,1,1,21,AGHS1,0,0,4.31,0.5
20122,HF,1,1,1,22,AGHS1,0,0,5.17,0.55
20123,HF,1,1,1,23,AGHS1,0,0,4.35,0.5
20124,HF,1,1,1,24,AGHS1,0,0,5.04,0.45
20125,HF,1,1,1,25,AGHS1,0,0,6.29,0.5
20126,HF,1,1,1,26,AGHS4,0,0,4.71,0.5
20127,HF,1,1,1,27,AGHS4,0,0,4.11,0.46
20128,HF,1,1,1,28,AGHS4,0,0,4.43,0.5
20129,HF,1,1,1,29,AGHS4,0,0,5.16,0.51
20130,HF,1,1,1,30,AGHS4,0,0,4.96,0.49
20201,HF,1,1,2,1,AGHS3,0,0,5.6,0.59
20202,HF,1,0,2,2,AGHS3,0,0,5.61,0.6
20203,HF,1,0,2,3,AGHS3,0,0,6.12,0.56
20204,HF,1,0,2,4,AGHS3,0,0,6.16,0.56
20205,HF,1,1,2,5,AGHS3,0,0,5.63,0.57
20206,HF,1,1,2,6,AGH25,0,0,6.25,0.41
20207,HF,1,0,2,7,AGH25,0,0,5.87,0.37
20208,HF,1,0,2,8,AGH25,0,0,5.61,0.42
20209,HF,1,0,2,9,AGH25,0,0,5.51,0.38
20210,HF,1,1,2,10,AGH25,0,0,7.27,0.46
20211,HF,1,1,2,11,AGH2,0,0,6.11,0.53
20212,HF,1,0,2,12,AGH2,0,0,3.77,0.39
20213,HF,1,0,2,13,AGH2,0,0,5.57,0.43
20214,HF,1,0,2,14,AGH2,0,0,4.63,0.38
20215,HF,1,1,2,15,AGH2,0,0,4.51,0.45
20216,HF,1,1,2,16,AGHS2,0,0,6.06,0.56
20217,HF,1,0,2,17,AGHS2,0,1,.,0
20218,HF,1,0,2,18,AGHS2,0,0,5.15,0.49
20219,HF,1,0,2,19,AGHS2,0,0,5.36,0.53
20220,HF,1,1,2,20,AGHS2,0,0,5.5,0.4
20221,HF,1,1,2,21,AGHS1,0,0,6.42,0.54
20222,HF,1,0,2,22,AGHS1,0,1,.,0
20223,HF,1,0,2,23,AGHS1,0,0,5.07,0.51
20224,HF,1,0,2,24,AGHS1,0,0,7.15,0.6
20225,HF,1,1,2,25,AGHS1,0,0,5.54,0.54
20226,HF,1,1,2,26,AGHS4,0,0,7.01,0.55
20227,HF,1,0,2,27,AGHS4,0,0,5.46,0.52
20228,HF,1,0,2,28,AGHS4,0,1,.,0
20229,HF,1,0,2,29,AGHS4,0,0,6.29,0.53
20230,HF,1,1,2,30,AGHS4,0,0,5.9,0.5
20301,HF,1,1,3,1,AGHS3,0,0,5.45,0.6
20302,HF,1,0,3,2,AGHS3,0,0,4.35,0.44
20303,HF,1,0,3,3,AGHS3,0,0,6.94,0.53
20304,HF,1,0,3,4,AGHS3,0,0,5.56,0.42
20305,HF,1,1,3,5,AGHS3,0,0,6.39,0.51
20306,HF,1,1,3,6,AGH25,0,0,5.64,0.44
20307,HF,1,0,3,7,AGH25,0,0,5.31,0.36
20308,HF,1,0,3,8,AGH25,0,0,4.27,0.38
20309,HF,1,0,3,9,AGH25,0,0,3.05,0.38
20310,HF,1,1,3,10,AGH25,0,0,4.18,0.26
20311,HF,1,1,3,11,AGH2,0,0,7.2,0.48
20312,HF,1,0,3,12,AGH2,0,0,7.45,0.53
20313,HF,1,0,3,13,AGH2,0,0,5.61,0.52
20314,HF,1,0,3,14,AGH2,0,0,6.79,0.46
20315,HF,1,1,3,15,AGH2,0,0,5.73,0.38
20316,HF,1,1,3,16,AGHS2,0,0,4.81,0.39
20317,HF,1,0,3,17,AGHS2,0,0,5.1,0.45
20318,HF,1,0,3,18,AGHS2,0,0,4.56,0.45
20319,HF,1,0,3,19,AGHS2,0,0,5.36,0.49
20320,HF,1,1,3,20,AGHS2,0,0,4.99,0.37
20321,HF,1,1,3,21,AGHS1,0,0,4.62,0.54
20322,HF,1,0,3,22,AGHS1,0,0,4.69,0.55
20323,HF,1,0,3,23,AGHS1,0,0,6.33,0.57
20324,HF,1,0,3,24,AGHS1,0,0,4.18,0.51
20325,HF,1,1,3,25,AGHS1,0,0,6.74,0.55
20326,HF,1,1,3,26,AGHS4,0,0,6.5,0.54
20327,HF,1,0,3,27,AGHS4,0,1,.,0
20328,HF,1,0,3,28,AGHS4,0,0,6.68,0.58
20329,HF,1,0,3,29,AGHS4,0,0,5.39,0.51
20330,HF,1,1,3,30,AGHS4,0,0,5.18,0.53
20401,HF,1,1,4,1,AGHS3,0,0,6.67,0.6
20402,HF,1,0,4,2,AGHS3,0,0,5.01,0.5
20403,HF,1,0,4,3,AGHS3,0,0,4.3,0.56
20404,HF,1,0,4,4,AGHS3,0,0,4.96,0.48
20405,HF,1,1,4,5,AGHS3,0,0,5.26,0.59
20406,HF,1,1,4,6,AGH25,0,0,4.54,0.44
20407,HF,1,0,4,7,AGH25,0,0,6.07,0.41
20408,HF,1,0,4,8,AGH25,0,0,5.68,0.32
20409,HF,1,0,4,9,AGH25,0,0,4.77,0.34
20410,HF,1,1,4,10,AGH25,0,0,4.42,0.31
20411,HF,1,1,4,11,AGH2,0,0,5.28,0.43
20412,HF,1,0,4,12,AGH2,0,1,.,0
20413,HF,1,0,4,13,AGH2,0,0,5.46,0.33
20414,HF,1,0,4,14,AGH2,0,0,7.04,0.39
20415,HF,1,1,4,15,AGH2,0,0,4.55,0.31
20416,HF,1,1,4,16,AGHS2,0,0,4.37,0.42
20417,HF,1,0,4,17,AGHS2,0,0,4.7,0.44
20418,HF,1,0,4,18,AGHS2,0,0,3.97,0.45
20419,HF,1,0,4,19,AGHS2,0,0,4.88,0.44
20420,HF,1,1,4,20,AGHS2,0,0,4.64,0.41
20421,HF,1,1,4,21,AGHS1,0,0,5.66,0.55
20422,HF,1,0,4,22,AGHS1,0,0,6.78,0.59
20423,HF,1,0,4,23,AGHS1,0,0,6.48,0.67
20424,HF,1,0,4,24,AGHS1,0,0,7.31,0.47
20425,HF,1,1,4,25,AGHS1,0,0,6.25,0.48
20426,HF,1,1,4,26,AGHS4,0,0,6.01,0.54
20427,HF,1,0,4,27,AGHS4,0,0,5.77,0.57
20428,HF,1,0,4,28,AGHS4,0,0,6.4,0.56
20429,HF,1,0,4,29,AGHS4,0,0,5.62,0.57
20430,HF,1,1,4,30,AGHS4,0,0,4.99,0.54
20501,HF,1,1,5,1,AGHS3,0,0,5.53,0.6
20502,HF,1,1,5,2,AGHS3,0,0,6.85,0.57
20503,HF,1,1,5,3,AGHS3,0,0,7.77,0.61
20504,HF,1,1,5,4,AGHS3,0,0,6.48,0.56
20505,HF,1,1,5,5,AGHS3,0,0,5.19,0.53
20506,HF,1,1,5,6,AGH25,0,0,5.63,0.39
20507,HF,1,1,5,7,AGH25,0,0,5.32,0.43
20508,HF,1,1,5,8,AGH25,0,0,6.12,0.39
20509,HF,1,1,5,9,AGH25,0,0,6.53,0.44
20510,HF,1,1,5,10,AGH25,0,0,4.08,0.44
20511,HF,1,1,5,11,AGH2,0,0,5.17,0.35
20512,HF,1,1,5,12,AGH2,0,0,6.76,0.35
20513,HF,1,1,5,13,AGH2,0,0,4.21,0.28
20514,HF,1,1,5,14,AGH2,0,0,4.22,0.25
20515,HF,1,1,5,15,AGH2,0,0,5.9,0.35
20516,HF,1,1,5,16,AGHS2,0,0,5.51,0.57
20517,HF,1,1,5,17,AGHS2,0,0,5.72,0.47
20518,HF,1,1,5,18,AGHS2,0,0,5.84,0.43
20519,HF,1,1,5,19,AGHS2,0,0,4.72,0.42
20520,HF,1,1,5,20,AGHS2,0,0,4.25,0.39
20521,HF,1,1,5,21,AGHS1,0,0,5.77,0.64
20522,HF,1,1,5,22,AGHS1,0,0,5.2,0.56
20523,HF,1,1,5,23,AGHS1,0,0,5.14,0.59
20524,HF,1,1,5,24,AGHS1,0,0,6.97,0.57
20525,HF,1,1,5,25,AGHS1,0,0,6.16,0.53
20526,HF,1,1,5,26,AGHS4,0,0,5.84,0.44
20527,HF,1,1,5,27,AGHS4,0,0,6.75,0.57
20528,HF,1,1,5,28,AGHS4,0,0,6.67,0.51
20529,HF,1,1,5,29,AGHS4,0,0,6.27,0.53
20530,HF,1,1,5,30,AGHS4,0,0,5.9,0.57
20601,HF,2,1,6,1,AGHS4,0,0,5.38,0.47
20602,HF,2,1,6,2,AGHS4,0,0,3.88,0.48
20603,HF,2,1,6,3,AGHS4,0,0,4.87,0.43
20604,HF,2,1,6,4,AGHS4,0,0,5.22,0.51
20605,HF,2,1,6,5,AGHS4,0,0,5.9,0.48
20606,HF,2,1,6,6,AGH2,0,0,4.33,0.37
20607,HF,2,1,6,7,AGH2,0,0,4.13,0.3
20608,HF,2,1,6,8,AGH2,0,0,4.22,0.21
20609,HF,2,1,6,9,AGH2,0,0,5.72,0.39
20610,HF,2,1,6,10,AGH2,0,0,5.19,0.33
20611,HF,2,1,6,11,AGH25,0,0,4.06,0.36
20612,HF,2,1,6,12,AGH25,0,0,5.31,0.51
20613,HF,2,1,6,13,AGH25,0,0,5.99,0.49
20614,HF,2,1,6,14,AGH25,0,0,5.45,0.5
20615,HF,2,1,6,15,AGH25,0,0,6.02,0.47
20616,HF,2,1,6,16,AGHS1,0,0,4.92,0.53
20617,HF,2,1,6,17,AGHS1,0,0,4.96,0.49
20618,HF,2,1,6,18,AGHS1,0,0,5.9,0.5
20619,HF,2,1,6,19,AGHS1,0,0,4.35,0.48
20620,HF,2,1,6,20,AGHS1,0,0,6.73,0.58
20621,HF,2,1,6,21,AGHS2,0,0,4.09,0.46
20622,HF,2,1,6,22,AGHS2,0,0,4.81,0.47
20623,HF,2,1,6,23,AGHS2,0,0,6.37,0.4
20624,HF,2,1,6,24,AGHS2,0,0,3.88,0.37
20625,HF,2,1,6,25,AGHS2,0,0,5.59,0.49
20626,HF,2,1,6,26,AGHS3,0,0,5.85,0.67
20627,HF,2,1,6,27,AGHS3,0,0,6.03,0.52
20628,HF,2,1,6,28,AGHS3,0,0,5.92,0.61
20629,HF,2,1,6,29,AGHS3,0,0,5.91,0.52
20630,HF,2,1,6,30,AGHS3,0,0,5.64,0.56
20701,HF,2,1,7,1,AGHS4,0,0,5.88,0.5
20702,HF,2,0,7,2,AGHS4,0,0,6.56,0.48
20703,HF,2,0,7,3,AGHS4,0,0,5.75,0.56
20704,HF,2,0,7,4,AGHS4,0,0,5.9,0.48
20705,HF,2,1,7,5,AGHS4,0,0,3.97,0.46
20706,HF,2,1,7,6,AGH2,0,0,5.88,0.31
20707,HF,2,0,7,7,AGH2,0,0,6.38,0.38
20708,HF,2,0,7,8,AGH2,0,0,5.25,0.43
20709,HF,2,0,7,9,AGH2,0,0,5.4,0.36
20710,HF,2,1,7,10,AGH2,0,0,6.66,0.41
20711,HF,2,1,7,11,AGH25,0,0,5.16,0.48
20712,HF,2,0,7,12,AGH25,0,0,4.03,0.37
20713,HF,2,0,7,13,AGH25,0,0,4.73,0.47
20714,HF,2,0,7,14,AGH25,0,0,4.27,0.41
20715,HF,2,1,7,15,AGH25,0,0,5.34,0.5
20716,HF,2,1,7,16,AGHS1,0,0,5.74,0.62
20717,HF,2,0,7,17,AGHS1,0,0,6.26,0.52
20718,HF,2,0,7,18,AGHS1,0,0,5.64,0.49
20719,HF,2,0,7,19,AGHS1,0,0,6.39,0.58
20720,HF,2,1,7,20,AGHS1,0,0,6.45,0.53
20721,HF,2,1,7,21,AGHS2,0,0,5.63,0.48
20722,HF,2,0,7,22,AGHS2,0,0,5.31,0.52
20723,HF,2,0,7,23,AGHS2,0,0,4.8,0.46
20724,HF,2,0,7,24,AGHS2,0,0,5.54,0.47
20725,HF,2,1,7,25,AGHS2,0,0,3.97,0.56
20726,HF,2,1,7,26,AGHS3,0,0,4.27,0.52
20727,HF,2,0,7,27,AGHS3,0,0,3.6,0.49
20728,HF,2,0,7,28,AGHS3,0,0,5.2,0.57
20729,HF,2,0,7,29,AGHS3,0,0,5.61,0.6
20730,HF,2,1,7,30,AGHS3,0,0,5.53,0.56
20801,HF,2,1,8,1,AGHS4,0,0,4.77,0.45
20802,HF,2,0,8,2,AGHS4,0,0,4.69,0.48
20803,HF,2,0,8,3,AGHS4,0,0,4.35,0.46
20804,HF,2,0,8,4,AGHS4,0,0,4.47,0.51
20805,HF,2,1,8,5,AGHS4,0,0,4.94,0.52
20806,HF,2,1,8,6,AGH2,0,0,5.54,0.38
20807,HF,2,0,8,7,AGH2,0,0,4.75,0.45
20808,HF,2,0,8,8,AGH2,0,0,2.58,0.35
20809,HF,2,0,8,9,AGH2,0,0,2.42,0.31
20810,HF,2,1,8,10,AGH2,0,0,4.6,0.33
20811,HF,2,1,8,11,AGH25,0,0,5.53,0.36
20812,HF,2,0,8,12,AGH25,0,0,2.8,0.33
20813,HF,2,0,8,13,AGH25,0,0,5.31,0.46
20814,HF,2,0,8,14,AGH25,0,0,5.95,0.34
20815,HF,2,1,8,15,AGH25,0,0,4.17,0.38
20816,HF,2,1,8,16,AGHS1,0,0,5.55,0.6
20817,HF,2,0,8,17,AGHS1,0,0,5.03,0.62
20818,HF,2,0,8,18,AGHS1,0,0,6.49,0.48
20819,HF,2,0,8,19,AGHS1,0,0,4.68,0.49
20820,HF,2,1,8,20,AGHS1,0,0,5.71,0.58
20821,HF,2,1,8,21,AGHS2,0,0,4.54,0.64
20822,HF,2,0,8,22,AGHS2,0,0,4.8,0.49
20823,HF,2,0,8,23,AGHS2,0,0,6.12,0.43
20824,HF,2,0,8,24,AGHS2,0,0,3.85,0.48
20825,HF,2,1,8,25,AGHS2,0,0,6.04,0.48
20826,HF,2,1,8,26,AGHS3,0,0,6.46,0.55
20827,HF,2,0,8,27,AGHS3,0,0,4.94,0.57
20828,HF,2,0,8,28,AGHS3,0,0,5.66,0.57
20829,HF,2,0,8,29,AGHS3,0,0,4.69,0.5
20830,HF,2,1,8,30,AGHS3,0,0,5.56,0.62
20901,HF,2,1,9,1,AGHS4,0,0,5.14,0.53
20902,HF,2,0,9,2,AGHS4,0,0,5.95,0.53
20903,HF,2,0,9,3,AGHS4,0,0,6.08,0.55
20904,HF,2,0,9,4,AGHS4,0,0,4.73,0.51
20905,HF,2,1,9,5,AGHS4,0,0,6.02,0.57
20906,HF,2,1,9,6,AGH2,0,0,5.04,0.35
20907,HF,2,0,9,7,AGH2,0,0,6.82,0.56
20908,HF,2,0,9,8,AGH2,0,0,5.78,0.37
20909,HF,2,0,9,9,AGH2,0,0,5.82,0.43
20910,HF,2,1,9,10,AGH2,0,0,4.29,0.33
20911,HF,2,1,9,11,AGH25,0,0,5.76,0.49
20912,HF,2,0,9,12,AGH25,0,0,5.68,0.43
20913,HF,2,0,9,13,AGH25,0,0,4.72,0.45
20914,HF,2,0,9,14,AGH25,0,0,4.82,0.42
20915,HF,2,1,9,15,AGH25,0,0,5.33,0.36
20916,HF,2,1,9,16,AGHS1,0,0,6.34,0.55
20917,HF,2,0,9,17,AGHS1,0,0,6.49,0.52
20918,HF,2,0,9,18,AGHS1,0,0,4.77,0.61
20919,HF,2,0,9,19,AGHS1,0,0,4.4,0.54
20920,HF,2,1,9,20,AGHS1,0,0,5.21,0.44
20921,HF,2,1,9,21,AGHS2,0,0,5.03,0.56
20922,HF,2,0,9,22,AGHS2,0,0,4.18,0.49
20923,HF,2,0,9,23,AGHS2,0,0,4.26,0.43
20924,HF,2,0,9,24,AGHS2,0,0,4.37,0.42
20925,HF,2,1,9,25,AGHS2,0,0,4.82,0.42
20926,HF,2,1,9,26,AGHS3,0,0,5.06,0.43
20927,HF,2,0,9,27,AGHS3,0,0,6.78,0.54
20928,HF,2,0,9,28,AGHS3,0,0,4.43,0.49
20929,HF,2,0,9,29,AGHS3,0,0,5.76,0.5
20930,HF,2,1,9,30,AGHS3,0,0,4.84,0.58
21001,HF,2,1,10,1,AGHS4,0,0,5.27,0.56
21002,HF,2,1,10,2,AGHS4,0,0,4.73,0.57
21003,HF,2,1,10,3,AGHS4,0,0,4.38,0.51
21004,HF,2,1,10,4,AGHS4,0,0,5.09,0.6
21005,HF,2,1,10,5,AGHS4,0,0,4.17,0.54
21006,HF,2,1,10,6,AGH2,0,0,4.58,0.4
21007,HF,2,1,10,7,AGH2,0,0,5.91,0.39
21008,HF,2,1,10,8,AGH2,0,0,6.86,0.42
21009,HF,2,1,10,9,AGH2,0,0,6.59,0.46
21010,HF,2,1,10,10,AGH2,0,0,4.69,0.4
21011,HF,2,1,10,11,AGH25,0,0,6.01,0.58
21012,HF,2,1,10,12,AGH25,0,0,5.8,0.52
21013,HF,2,1,10,13,AGH25,0,0,4.03,0.43
21014,HF,2,1,10,14,AGH25,0,0,3.99,0.41
21015,HF,2,1,10,15,AGH25,0,0,6.84,0.42
21016,HF,2,1,10,16,AGHS1,0,0,4.82,0.55
21017,HF,2,1,10,17,AGHS1,0,0,4.73,0.56
21018,HF,2,1,10,18,AGHS1,0,0,5.62,0.55
21019,HF,2,1,10,19,AGHS1,0,0,4.8,0.57
21020,HF,2,1,10,20,AGHS1,0,0,5.45,0.49
21021,HF,2,1,10,21,AGHS2,0,0,5.48,0.43
21022,HF,2,1,10,22,AGHS2,0,0,4.11,0.48
21023,HF,2,1,10,23,AGHS2,0,0,5.06,0.42
21024,HF,2,1,10,24,AGHS2,0,0,5.08,0.39
21025,HF,2,1,10,25,AGHS2,0,0,5.02,0.4
21026,HF,2,1,10,26,AGHS3,0,0,5.6,0.53
21027,HF,2,1,10,27,AGHS3,0,0,5.14,0.53
21028,HF,2,1,10,28,AGHS3,0,0,5.22,0.55
21029,HF,2,1,10,29,AGHS3,0,0,4.825,0.65
21030,HF,2,1,10,30,AGHS3,0,0,5.58,0.53
21101,HF,3,1,11,1,AGHS1,0,0,5.67,0.52
21102,HF,3,1,11,2,AGHS1,0,0,5.32,0.49
21103,HF,3,1,11,3,AGHS1,0,0,5.38,0.53
21104,HF,3,1,11,4,AGHS1,0,0,5.89,0.6
21105,HF,3,1,11,5,AGHS1,0,0,4.98,0.54
21106,HF,3,1,11,6,AGHS3,0,0,7.49,0.6
21107,HF,3,1,11,7,AGHS3,0,0,5.61,0.61
21108,HF,3,1,11,8,AGHS3,0,0,4.19,0.45
21109,HF,3,1,11,9,AGHS3,0,0,5.53,0.58
21110,HF,3,1,11,10,AGHS3,0,0,4.66,0.61
21111,HF,3,1,11,11,AGHS2,0,0,4.43,0.59
21112,HF,3,1,11,12,AGHS2,0,0,4.29,0.41
21113,HF,3,1,11,13,AGHS2,0,0,3.77,0.4
21114,HF,3,1,11,14,AGHS2,0,0,4.88,0.5
21115,HF,3,1,11,15,AGHS2,0,0,4.55,0.42
21116,HF,3,1,11,16,AGH2,0,0,4.38,0.43
21117,HF,3,1,11,17,AGH2,0,0,4.78,0.39
21118,HF,3,1,11,18,AGH2,0,0,5.42,0.41
21119,HF,3,1,11,19,AGH2,0,0,5.89,0.53
21120,HF,3,1,11,20,AGH2,0,0,4.34,0.44
21121,HF,3,1,11,21,AGHS4,0,0,5.81,0.52
21122,HF,3,1,11,22,AGHS4,0,0,4.03,0.56
21123,HF,3,1,11,23,AGHS4,0,0,3.78,0.41
21124,HF,3,1,11,24,AGHS4,0,0,4.64,0.49
21125,HF,3,1,11,25,AGHS4,0,0,4.16,0.48
21126,HF,3,1,11,26,AGH25,0,0,5.89,0.49
21127,HF,3,1,11,27,AGH25,0,0,3.89,0.4
21128,HF,3,1,11,28,AGH25,0,0,4.4,0.45
21129,HF,3,1,11,29,AGH25,0,0,4.85,0.32
21130,HF,3,1,11,30,AGH25,0,0,6.25,0.55
21201,HF,3,1,12,1,AGHS1,0,0,5.4,0.5
21202,HF,3,0,12,2,AGHS1,0,0,5.88,0.59
21203,HF,3,0,12,3,AGHS1,0,0,5.77,0.59
21204,HF,3,0,12,4,AGHS1,0,0,5.49,0.53
21205,HF,3,1,12,5,AGHS1,0,0,5.26,0.49
21206,HF,3,1,12,6,AGHS3,0,0,5.73,0.46
21207,HF,3,0,12,7,AGHS3,0,0,5.44,0.58
21208,HF,3,0,12,8,AGHS3,0,0,5.19,0.58
21209,HF,3,0,12,9,AGHS3,0,0,5.86,0.5
21210,HF,3,1,12,10,AGHS3,0,0,3.79,0.4
21211,HF,3,1,12,11,AGHS2,0,0,5.21,0.42
21212,HF,3,0,12,12,AGHS2,0,0,4.81,0.43
21213,HF,3,0,12,13,AGHS2,0,0,4.51,0.46
21214,HF,3,0,12,14,AGHS2,0,0,3.71,0.46
21215,HF,3,1,12,15,AGHS2,0,0,5.2,0.38
21216,HF,3,1,12,16,AGH2,0,0,4.67,0.38
21217,HF,3,0,12,17,AGH2,0,0,3.75,0.39
21218,HF,3,0,12,18,AGH2,0,0,5.41,0.38
21219,HF,3,0,12,19,AGH2,0,0,4.77,0.37
21220,HF,3,1,12,20,AGH2,0,0,5.96,0.54
21221,HF,3,1,12,21,AGHS4,0,0,4.93,0.49
21222,HF,3,0,12,22,AGHS4,0,0,6.25,0.57
21223,HF,3,0,12,23,AGHS4,0,0,4.37,0.55
21224,HF,3,0,12,24,AGHS4,0,0,5.99,0.6
21225,HF,3,1,12,25,AGHS4,0,0,2.97,0.38
21226,HF,3,1,12,26,AGH25,0,0,5.38,0.4
21227,HF,3,0,12,27,AGH25,0,0,5.01,0.39
21228,HF,3,0,12,28,AGH25,0,0,3.79,0.39
21229,HF,3,0,12,29,AGH25,0,0,4.35,0.49
21230,HF,3,1,12,30,AGH25,0,0,6.17,0.52
21301,HF,3,1,13,1,AGHS1,0,0,5.83,0.56
21302,HF,3,0,13,2,AGHS1,0,0,4.36,0.62
21303,HF,3,0,13,3,AGHS1,0,0,5.27,0.59
21304,HF,3,0,13,4,AGHS1,0,0,6.38,0.59
21305,HF,3,1,13,5,AGHS1,0,0,5.56,0.5
21306,HF,3,1,13,6,AGHS3,0,0,4.86,0.57
21307,HF,3,0,13,7,AGHS3,0,0,4.5,0.353
21308,HF,3,0,13,8,AGHS3,0,0,5.28,0.5
21309,HF,3,0,13,9,AGHS3,0,0,5.04,0.54
21310,HF,3,1,13,10,AGHS3,0,0,4.48,0.53
21311,HF,3,1,13,11,AGHS2,0,0,4.73,0.46
21312,HF,3,0,13,12,AGHS2,0,0,5.14,0.45
21313,HF,3,0,13,13,AGHS2,0,0,3.99,0.4
21314,HF,3,0,13,14,AGHS2,0,0,4.76,0.46
21315,HF,3,1,13,15,AGHS2,0,0,3.76,0.44
21316,HF,3,1,13,16,AGH2,0,0,5.23,0.4
21317,HF,3,0,13,17,AGH2,0,0,7.14,0.55
21318,HF,3,0,13,18,AGH2,0,0,5.56,0.38
21319,HF,3,0,13,19,AGH2,0,0,4.17,0.45
21320,HF,3,1,13,20,AGH2,0,0,5.02,0.46
21321,HF,3,1,13,21,AGHS4,0,0,4.38,0.52
21322,HF,3,0,13,22,AGHS4,0,0,4.16,0.55
21323,HF,3,0,13,23,AGHS4,0,0,6.5,0.55
21324,HF,3,0,13,24,AGHS4,0,1,.,0
21325,HF,3,1,13,25,AGHS4,0,0,5.14,0.57
21326,HF,3,1,13,26,AGH25,0,0,7.71,0.53
21327,HF,3,0,13,27,AGH25,0,0,3.23,0.28
21328,HF,3,0,13,28,AGH25,0,0,5.23,0.37
21329,HF,3,0,13,29,AGH25,0,0,4.81,0.5
21330,HF,3,1,13,30,AGH25,0,0,5.8,0.47
21401,HF,3,1,14,1,AGHS1,0,0,5.49,0.57
21402,HF,3,0,14,2,AGHS1,0,0,6.05,0.67
21403,HF,3,0,14,3,AGHS1,0,0,5.41,0.51
21404,HF,3,0,14,4,AGHS1,0,0,5.04,0.61
21405,HF,3,1,14,5,AGHS1,0,0,6.03,0.51
21406,HF,3,1,14,6,AGHS3,0,0,5.16,0.55
21407,HF,3,0,14,7,AGHS3,0,0,5,0.56
21408,HF,3,0,14,8,AGHS3,0,0,5.1,0.54
21409,HF,3,0,14,9,AGHS3,0,0,4.65,0.57
21410,HF,3,1,14,10,AGHS3,0,0,4.38,0.47
21411,HF,3,1,14,11,AGHS2,0,0,4.86,0.42
21412,HF,3,0,14,12,AGHS2,0,0,3.72,0.4
21413,HF,3,0,14,13,AGHS2,0,0,4.5,0.465
21414,HF,3,0,14,14,AGHS2,0,0,5.28,0.45
21415,HF,3,1,14,15,AGHS2,0,0,4.66,0.43
21416,HF,3,1,14,16,AGH2,0,1,.,0
21417,HF,3,0,14,17,AGH2,0,0,4.44,0.4
21418,HF,3,0,14,18,AGH2,0,0,4.11,0.31
21419,HF,3,0,14,19,AGH2,0,0,6.93,0.47
21420,HF,3,1,14,20,AGH2,0,0,5.35,0.43
21421,HF,3,1,14,21,AGHS4,0,0,4.09,0.48
21422,HF,3,0,14,22,AGHS4,0,0,5.02,0.6
21423,HF,3,0,14,23,AGHS4,0,0,5.02,0.58
21424,HF,3,0,14,24,AGHS4,0,0,5.43,0.54
21425,HF,3,1,14,25,AGHS4,0,0,6.06,0.65
21426,HF,3,1,14,26,AGH25,0,0,5.66,0.49
21427,HF,3,0,14,27,AGH25,0,0,4.46,0.41
21428,HF,3,0,14,28,AGH25,0,0,4.2,0.37
21429,HF,3,0,14,29,AGH25,0,0,4.37,0.41
21430,HF,3,1,14,30,AGH25,0,0,4.34,0.45
21501,HF,3,1,15,1,AGHS1,0,0,7.89,0.63
21502,HF,3,1,15,2,AGHS1,0,0,6.13,0.64
21503,HF,3,1,15,3,AGHS1,0,0,5.51,0.63
21504,HF,3,1,15,4,AGHS1,0,0,4.31,0.54
21505,HF,3,1,15,5,AGHS1,0,0,6.42,0.59
21506,HF,3,1,15,6,AGHS3,0,0,5.32,0.53
21507,HF,3,1,15,7,AGHS3,0,0,5.02,0.52
21508,HF,3,1,15,8,AGHS3,0,0,5.19,0.58
21509,HF,3,1,15,9,AGHS3,0,0,5.69,0.54
21510,HF,3,1,15,10,AGHS3,0,0,4.62,0.5
21511,HF,3,1,15,11,AGHS2,0,0,4.04,0.47
21512,HF,3,1,15,12,AGHS2,0,0,4.7,0.45
21513,HF,3,1,15,13,AGHS2,0,0,6.63,0.53
21514,HF,3,1,15,14,AGHS2,0,0,4.25,0.51
21515,HF,3,1,15,15,AGHS2,0,0,5.72,0.52
21516,HF,3,1,15,16,AGH2,0,0,6.86,0.37
21517,HF,3,1,15,17,AGH2,0,0,5.44,0.49
21518,HF,3,1,15,18,AGH2,0,0,5.73,0.41
21519,HF,3,1,15,19,AGH2,0,0,6.86,0.32
21520,HF,3,1,15,20,AGH2,0,0,4.32,0.39
21521,HF,3,1,15,21,AGHS4,0,0,4.33,0.5
21522,HF,3,1,15,22,AGHS4,0,0,4.74,0.61
21523,HF,3,1,15,23,AGHS4,0,0,5.86,0.53
21524,HF,3,1,15,24,AGHS4,0,0,5.94,0.58
21525,HF,3,1,15,25,AGHS4,0,0,4.61,0.54
21526,HF,3,1,15,26,AGH25,0,0,5.58,0.51
21527,HF,3,1,15,27,AGH25,0,0,5.68,0.36
21528,HF,3,1,15,28,AGH25,0,0,4.37,0.49
21529,HF,3,1,15,29,AGH25,0,0,5.84,0.4
21530,HF,3,1,15,30,AGH25,0,0,4.38,0.39
21601,HF,4,1,16,1,AGHS2,0,0,5.21,0.47
21602,HF,4,1,16,2,AGHS2,0,0,5.25,0.56
21603,HF,4,1,16,3,AGHS2,0,0,4.63,0.46
21604,HF,4,1,16,4,AGHS2,0,0,4.56,0.49
21605,HF,4,1,16,5,AGHS2,0,0,6.28,0.51
21606,HF,4,1,16,6,AGHS4,0,0,5.84,0.56
21607,HF,4,1,16,7,AGHS4,0,0,5.71,0.54
21608,HF,4,1,16,8,AGHS4,0,0,5.55,0.63
21609,HF,4,1,16,9,AGHS4,0,0,5.24,0.56
21610,HF,4,1,16,10,AGHS4,0,0,6,0.54
21611,HF,4,1,16,11,AGH25,0,0,5.47,0.36
21612,HF,4,1,16,12,AGH25,0,0,6.85,0.46
21613,HF,4,1,16,13,AGH25,0,0,7.33,0.47
21614,HF,4,1,16,14,AGH25,0,0,5.7,0.44
21615,HF,4,1,16,15,AGH25,0,0,5.77,0.44
21616,HF,4,1,16,16,AGHS3,0,0,4.68,0.54
21617,HF,4,1,16,17,AGHS3,0,0,5.03,0.66
21618,HF,4,1,16,18,AGHS3,0,0,4.3,0.57
21619,HF,4,1,16,19,AGHS3,0,0,5.76,0.51
21620,HF,4,1,16,20,AGHS3,0,0,5.19,0.58
21621,HF,4,1,16,21,AGH2,0,0,5.34,0.32
21622,HF,4,1,16,22,AGH2,0,0,4.1,0.45
21623,HF,4,1,16,23,AGH2,0,0,4.47,0.29
21624,HF,4,1,16,24,AGH2,0,0,4.66,0.44
21625,HF,4,1,16,25,AGH2,0,0,4.72,0.43
21626,HF,4,1,16,26,AGHS1,0,0,6.1,0.52
21627,HF,4,1,16,27,AGHS1,0,0,5.33,0.5
21628,HF,4,1,16,28,AGHS1,0,0,5.9,0.57
21629,HF,4,1,16,29,AGHS1,0,0,6.36,0.62
21630,HF,4,1,16,30,AGHS1,0,0,4.57,0.54
21701,HF,4,1,17,1,AGHS2,0,0,4.98,0.54
21702,HF,4,0,17,2,AGHS2,0,0,6.04,0.52
21703,HF,4,0,17,3,AGHS2,0,0,5.18,0.5
21704,HF,4,0,17,4,AGHS2,0,0,5.61,0.53
21705,HF,4,1,17,5,AGHS2,0,0,4.86,0.4
21706,HF,4,1,17,6,AGHS4,0,0,4.87,0.61
21707,HF,4,0,17,7,AGHS4,0,0,6.31,0.52
21708,HF,4,0,17,8,AGHS4,0,0,6.48,0.64
21709,HF,4,0,17,9,AGHS4,0,0,5.82,0.61
21710,HF,4,1,17,10,AGHS4,0,0,5.92,0.56
21711,HF,4,1,17,11,AGH25,0,0,7.35,0.45
21712,HF,4,0,17,12,AGH25,0,0,6.31,0.52
21713,HF,4,0,17,13,AGH25,0,0,3.22,0.35
21714,HF,4,0,17,14,AGH25,0,0,7.96,0.44
21715,HF,4,1,17,15,AGH25,0,0,6,0.51
21716,HF,4,1,17,16,AGHS3,0,0,5.38,0.61
21717,HF,4,0,17,17,AGHS3,0,0,5.25,0.59
21718,HF,4,0,17,18,AGHS3,0,0,6.78,0.53
21719,HF,4,0,17,19,AGHS3,0,0,4.2,0.61
21720,HF,4,1,17,20,AGHS3,0,0,5.16,0.61
21721,HF,4,1,17,21,AGH2,0,0,7.75,0.62
21722,HF,4,0,17,22,AGH2,0,0,8.26,0.53
21723,HF,4,0,17,23,AGH2,0,0,6.11,0.42
21724,HF,4,0,17,24,AGH2,0,0,7.12,0.42
21725,HF,4,1,17,25,AGH2,0,0,4.45,0.43
21726,HF,4,1,17,26,AGHS1,0,0,6.02,0.58
21727,HF,4,0,17,27,AGHS1,0,0,6,0.55
21728,HF,4,0,17,28,AGHS1,0,0,5.42,0.54
21729,HF,4,0,17,29,AGHS1,0,0,7.32,0.62
21730,HF,4,1,17,30,AGHS1,0,0,4.97,0.61
21801,HF,4,1,18,1,AGHS2,0,0,5.11,0.47
21802,HF,4,0,18,2,AGHS2,0,0,5.3,0.49
21803,HF,4,0,18,3,AGHS2,0,0,6.12,0.42
21804,HF,4,0,18,4,AGHS2,0,0,5.05,0.49
21805,HF,4,1,18,5,AGHS2,0,0,4.37,0.5
21806,HF,4,1,18,6,AGHS4,0,0,5.68,0.57
21807,HF,4,0,18,7,AGHS4,0,0,5.52,0.54
21808,HF,4,0,18,8,AGHS4,0,0,5.37,0.61
21809,HF,4,0,18,9,AGHS4,0,0,6.41,0.63
21810,HF,4,1,18,10,AGHS4,0,0,5.86,0.62
21811,HF,4,1,18,11,AGH25,0,0,5.86,0.34
21812,HF,4,0,18,12,AGH25,0,0,5.37,0.47
21813,HF,4,0,18,13,AGH25,0,0,7.16,0.51
21814,HF,4,0,18,14,AGH25,0,0,6.27,0.5
21815,HF,4,1,18,15,AGH25,0,0,4.22,0.47
21816,HF,4,1,18,16,AGHS3,0,0,6.82,0.56
21817,HF,4,0,18,17,AGHS3,0,0,5.76,0.61
21818,HF,4,0,18,18,AGHS3,0,0,6.06,0.66
21819,HF,4,0,18,19,AGHS3,0,0,6.23,0.66
21820,HF,4,1,18,20,AGHS3,0,0,5.63,0.5
21821,HF,4,1,18,21,AGH2,0,0,5.73,0.46
21822,HF,4,0,18,22,AGH2,0,0,4.64,0.36
21823,HF,4,0,18,23,AGH2,0,0,5.37,0.54
21824,HF,4,0,18,24,AGH2,0,0,4.58,0.52
21825,HF,4,1,18,25,AGH2,0,0,5.28,0.38
21826,HF,4,1,18,26,AGHS1,0,0,5.78,0.56
21827,HF,4,0,18,27,AGHS1,0,0,5.58,0.52
21828,HF,4,0,18,28,AGHS1,0,0,5.72,0.62
21829,HF,4,0,18,29,AGHS1,0,0,5.23,0.59
21830,HF,4,1,18,30,AGHS1,0,0,4.58,0.58
21901,HF,4,1,19,1,AGHS2,0,0,4.77,0.43
21902,HF,4,0,19,2,AGHS2,0,0,4.88,0.45
21903,HF,4,0,19,3,AGHS2,0,0,5.23,0.53
21904,HF,4,0,19,4,AGHS2,0,0,4.35,0.49
21905,HF,4,1,19,5,AGHS2,0,0,5.68,0.46
21906,HF,4,1,19,6,AGHS4,0,0,4.86,0.59
21907,HF,4,0,19,7,AGHS4,0,0,6.29,0.59
21908,HF,4,0,19,8,AGHS4,0,0,6.06,0.56
21909,HF,4,0,19,9,AGHS4,0,0,6.92,0.62
21910,HF,4,1,19,10,AGHS4,0,0,4.81,0.55
21911,HF,4,1,19,11,AGH25,0,0,5.84,0.57
21912,HF,4,0,19,12,AGH25,0,0,7.04,0.48
21913,HF,4,0,19,13,AGH25,0,0,6.3,0.56
21914,HF,4,0,19,14,AGH25,0,0,6.79,0.54
21915,HF,4,1,19,15,AGH25,0,0,4.2,0.51
21916,HF,4,1,19,16,AGHS3,0,0,5.38,0.52
21917,HF,4,0,19,17,AGHS3,0,0,4.41,0.65
21918,HF,4,0,19,18,AGHS3,0,0,5.56,0.49
21919,HF,4,0,19,19,AGHS3,0,0,6.45,0.64
21920,HF,4,1,19,20,AGHS3,0,0,5.44,0.56
21921,HF,4,1,19,21,AGH2,0,0,5.59,0.54
21922,HF,4,0,19,22,AGH2,0,0,5.07,0.5
21923,HF,4,0,19,23,AGH2,0,0,4.86,0.45
21924,HF,4,0,19,24,AGH2,0,0,6.59,0.34
21925,HF,4,1,19,25,AGH2,0,0,7.42,0.57
21926,HF,4,1,19,26,AGHS1,0,0,6.07,0.59
21927,HF,4,0,19,27,AGHS1,0,0,4.98,0.52
21928,HF,4,0,19,28,AGHS1,0,0,4.64,0.54
21929,HF,4,0,19,29,AGHS1,0,0,5.65,0.7
21930,HF,4,1,19,30,AGHS1,0,0,5.62,0.52
22001,HF,4,1,20,1,AGHS2,0,0,5.02,0.47
22002,HF,4,1,20,2,AGHS2,0,0,7.51,0.62
22003,HF,4,1,20,3,AGHS2,0,0,5.29,0.46
22004,HF,4,1,20,4,AGHS2,0,0,5.62,0.51
22005,HF,4,1,20,5,AGHS2,0,0,5.28,0.55
22006,HF,4,1,20,6,AGHS4,0,0,5.57,0.53
22007,HF,4,1,20,7,AGHS4,0,0,5.48,0.54
22008,HF,4,1,20,8,AGHS4,0,0,5.61,0.53
22009,HF,4,1,20,9,AGHS4,0,0,6,0.54
22010,HF,4,1,20,10,AGHS4,0,0,7.16,0.59
22011,HF,4,1,20,11,AGH25,0,0,4.22,0.48
22012,HF,4,1,20,12,AGH25,0,0,7.28,0.54
22013,HF,4,1,20,13,AGH25,0,0,5.08,0.56
22014,HF,4,1,20,14,AGH25,0,0,4.91,0.5
22015,HF,4,1,20,15,AGH25,0,0,5.62,0.67
22016,HF,4,1,20,16,AGHS3,0,0,5.74,0.68
22017,HF,4,1,20,17,AGHS3,0,0,4.94,0.47
22018,HF,4,1,20,18,AGHS3,0,0,4.7,0.64
22019,HF,4,1,20,19,AGHS3,0,0,4.55,0.62
22020,HF,4,1,20,20,AGHS3,0,0,5.79,0.5
22021,HF,4,1,20,21,AGH2,0,0,6.15,0.39
22022,HF,4,1,20,22,AGH2,0,0,6.24,0.4
22023,HF,4,1,20,23,AGH2,0,0,6.04,0.52
22024,HF,4,1,20,24,AGH2,0,0,5.97,0.36
22025,HF,4,1,20,25,AGH2,0,0,6.24,0.37
22026,HF,4,1,20,26,AGHS1,0,0,5.58,0.62
22027,HF,4,1,20,27,AGHS1,0,0,5.76,0.55
22028,HF,4,1,20,28,AGHS1,0,0,5.58,0.6
22029,HF,4,1,20,29,AGHS1,0,0,4.95,0.56
22030,HF,4,1,20,30,AGHS1,0,0,5.12,0.63
20101,HF,1,1,1,1,AGHS3,1,0,10.49,0.691
20102,HF,1,1,1,2,AGHS3,1,0,13.01,1.007
20103,HF,1,1,1,3,AGHS3,1,0,15.47,0.99
20104,HF,1,1,1,4,AGHS3,1,0,10.84,0.696
20105,HF,1,1,1,5,AGHS3,1,1,.,0
20106,HF,1,1,1,6,AGH25,1,0,13.16,1.044
20107,HF,1,1,1,7,AGH25,1,1,.,0
20108,HF,1,1,1,8,AGH25,1,0,8.3,0.58
20109,HF,1,1,1,9,AGH25,1,1,.,0
20110,HF,1,1,1,10,AGH25,1,0,7.44,0.648
20111,HF,1,1,1,11,AGH2,1,0,9.79,0.58
20112,HF,1,1,1,12,AGH2,1,0,14.62,0.703
20113,HF,1,1,1,13,AGH2,1,1,.,0
20114,HF,1,1,1,14,AGH2,1,0,12.91,0.784
20115,HF,1,1,1,15,AGH2,1,0,11.21,0.777
20116,HF,1,1,1,16,AGHS2,1,0,28.6,1.213
20117,HF,1,1,1,17,AGHS2,1,0,6.35,0.613
20118,HF,1,1,1,18,AGHS2,1,0,10.72,0.76
20119,HF,1,1,1,19,AGHS2,1,1,.,0
20120,HF,1,1,1,20,AGHS2,1,1,.,0
20121,HF,1,1,1,21,AGHS1,1,1,.,0
20122,HF,1,1,1,22,AGHS1,1,1,.,0
20123,HF,1,1,1,23,AGHS1,1,0,15.89,1.287
20124,HF,1,1,1,24,AGHS1,1,0,10.63,0.811
20125,HF,1,1,1,25,AGHS1,1,0,12.32,0.905
20126,HF,1,1,1,26,AGHS4,1,1,.,0
20127,HF,1,1,1,27,AGHS4,1,0,7.71,0.617
20128,HF,1,1,1,28,AGHS4,1,0,11.95,1
20129,HF,1,1,1,29,AGHS4,1,0,9.65,0.804
20130,HF,1,1,1,30,AGHS4,1,0,11.94,0.82
20201,HF,1,1,2,1,AGHS3,1,1,.,0
20202,HF,1,0,2,2,AGHS3,1,0,12.1,0.84
20203,HF,1,0,2,3,AGHS3,1,1,.,0
20204,HF,1,0,2,4,AGHS3,1,0,19.06,0.807
20205,HF,1,1,2,5,AGHS3,1,0,16.13,1.012
20206,HF,1,1,2,6,AGH25,1,0,9.86,0.672
20207,HF,1,0,2,7,AGH25,1,1,.,0
20208,HF,1,0,2,8,AGH25,1,1,.,0
20209,HF,1,0,2,9,AGH25,1,0,14.86,0.692
20210,HF,1,1,2,10,AGH25,1,0,11.6,0.689
20211,HF,1,1,2,11,AGH2,1,0,11.49,0.75
20212,HF,1,0,2,12,AGH2,1,0,6.37,0.405
20213,HF,1,0,2,13,AGH2,1,1,.,0
20214,HF,1,0,2,14,AGH2,1,0,14.29,0.807
20215,HF,1,1,2,15,AGH2,1,1,.,0
20216,HF,1,1,2,16,AGHS2,1,0,7.21,0.459
20217,HF,1,0,2,17,AGHS2,1,1,.,0
20218,HF,1,0,2,18,AGHS2,1,0,10.24,0.731
20219,HF,1,0,2,19,AGHS2,1,0,7.05,0.614
20220,HF,1,1,2,20,AGHS2,1,0,9.15,0.712
20221,HF,1,1,2,21,AGHS1,1,0,9.81,0.618
20222,HF,1,0,2,22,AGHS1,1,1,.,0
20223,HF,1,0,2,23,AGHS1,1,1,.,0
20224,HF,1,0,2,24,AGHS1,1,0,13.09,0.742
20225,HF,1,1,2,25,AGHS1,1,0,13.4,0.679
20226,HF,1,1,2,26,AGHS4,1,0,6.7,0.697
20227,HF,1,0,2,27,AGHS4,1,0,6.25,0.54
20228,HF,1,0,2,28,AGHS4,1,1,.,0
20229,HF,1,0,2,29,AGHS4,1,0,13.59,0.86
20230,HF,1,1,2,30,AGHS4,1,0,7.47,0.744
20301,HF,1,1,3,1,AGHS3,1,1,.,0
20302,HF,1,0,3,2,AGHS3,1,0,20.84,1.137
20303,HF,1,0,3,3,AGHS3,1,0,13.42,1.018
20304,HF,1,0,3,4,AGHS3,1,0,21.32,1.44
20305,HF,1,1,3,5,AGHS3,1,0,19.74,1.294
20306,HF,1,1,3,6,AGH25,1,1,.,0
20307,HF,1,0,3,7,AGH25,1,1,.,0
20308,HF,1,0,3,8,AGH25,1,0,17.89,1.173
20309,HF,1,0,3,9,AGH25,1,0,12.3,0.827
20310,HF,1,1,3,10,AGH25,1,0,14.74,0.773
20311,HF,1,1,3,11,AGH2,1,0,13.62,0.635
20312,HF,1,0,3,12,AGH2,1,1,.,0
20313,HF,1,0,3,13,AGH2,1,0,11.44,0.713
20314,HF,1,0,3,14,AGH2,1,0,12.37,0.918
20315,HF,1,1,3,15,AGH2,1,0,5.95,0.45
20316,HF,1,1,3,16,AGHS2,1,0,15.45,1.043
20317,HF,1,0,3,17,AGHS2,1,0,10.35,0.822
20318,HF,1,0,3,18,AGHS2,1,1,.,0
20319,HF,1,0,3,19,AGHS2,1,0,13.19,0.888
20320,HF,1,1,3,20,AGHS2,1,0,16.73,1.424
20321,HF,1,1,3,21,AGHS1,1,0,13.43,1.224
20322,HF,1,0,3,22,AGHS1,1,0,14.71,1.38
20323,HF,1,0,3,23,AGHS1,1,0,13.29,1.104
20324,HF,1,0,3,24,AGHS1,1,1,.,0
20325,HF,1,1,3,25,AGHS1,1,0,12.53,0.708
20326,HF,1,1,3,26,AGHS4,1,1,.,0
20327,HF,1,0,3,27,AGHS4,1,1,.,0
20328,HF,1,0,3,28,AGHS4,1,0,10.32,0.73
20329,HF,1,0,3,29,AGHS4,1,0,9.91,0.832
20330,HF,1,1,3,30,AGHS4,1,0,10.75,0.91
20401,HF,1,1,4,1,AGHS3,1,1,.,0
20402,HF,1,0,4,2,AGHS3,1,0,7.9,0.783
20403,HF,1,0,4,3,AGHS3,1,0,10.93,0.75
20404,HF,1,0,4,4,AGHS3,1,1,.,0
20405,HF,1,1,4,5,AGHS3,1,1,.,0
20406,HF,1,1,4,6,AGH25,1,0,14.52,0.703
20407,HF,1,0,4,7,AGH25,1,1,.,0
20408,HF,1,0,4,8,AGH25,1,0,16.56,1.048
20409,HF,1,0,4,9,AGH25,1,0,13.24,0.51
20410,HF,1,1,4,10,AGH25,1,0,13.32,0.81
20411,HF,1,1,4,11,AGH2,1,1,.,0
20412,HF,1,0,4,12,AGH2,1,1,.,0
20413,HF,1,0,4,13,AGH2,1,0,13.94,0.75
20414,HF,1,0,4,14,AGH2,1,0,10.29,0.492
20415,HF,1,1,4,15,AGH2,1,1,.,0
20416,HF,1,1,4,16,AGHS2,1,0,16.42,0.792
20417,HF,1,0,4,17,AGHS2,1,0,14.47,0.631
20418,HF,1,0,4,18,AGHS2,1,0,18.78,0.794
20419,HF,1,0,4,19,AGHS2,1,0,17.04,0.882
20420,HF,1,1,4,20,AGHS2,1,0,22.64,1.27
20421,HF,1,1,4,21,AGHS1,1,0,17.17,0.908
20422,HF,1,0,4,22,AGHS1,1,0,19.41,0.89
20423,HF,1,0,4,23,AGHS1,1,0,25.15,1.19
20424,HF,1,0,4,24,AGHS1,1,0,23.21,1.02
20425,HF,1,1,4,25,AGHS1,1,0,14.61,0.742
20426,HF,1,1,4,26,AGHS4,1,0,13.39,0.658
20427,HF,1,0,4,27,AGHS4,1,0,12.47,1.03
20428,HF,1,0,4,28,AGHS4,1,0,18.74,1.123
20429,HF,1,0,4,29,AGHS4,1,0,23.64,1.182
20430,HF,1,1,4,30,AGHS4,1,0,12.04,0.821
20501,HF,1,1,5,1,AGHS3,1,0,9,0.658
20502,HF,1,1,5,2,AGHS3,1,0,10.91,0.77
20503,HF,1,1,5,3,AGHS3,1,0,10.8,0.781
20504,HF,1,1,5,4,AGHS3,1,0,15.78,0.803
20505,HF,1,1,5,5,AGHS3,1,1,.,0
20506,HF,1,1,5,6,AGH25,1,0,7.16,0.235
20507,HF,1,1,5,7,AGH25,1,0,8.58,0.477
20508,HF,1,1,5,8,AGH25,1,1,.,0
20509,HF,1,1,5,9,AGH25,1,0,19.45,0.921
20510,HF,1,1,5,10,AGH25,1,0,11.96,0.752
20511,HF,1,1,5,11,AGH2,1,0,12.46,0.934
20512,HF,1,1,5,12,AGH2,1,0,8.55,0.463
20513,HF,1,1,5,13,AGH2,1,0,11.02,0.663
20514,HF,1,1,5,14,AGH2,1,0,17.74,0.783
20515,HF,1,1,5,15,AGH2,1,0,13.51,0.67
20516,HF,1,1,5,16,AGHS2,1,0,13.4,0.758
20517,HF,1,1,5,17,AGHS2,1,0,18.69,0.72
20518,HF,1,1,5,18,AGHS2,1,0,12.6,1.103
20519,HF,1,1,5,19,AGHS2,1,1,.,0
20520,HF,1,1,5,20,AGHS2,1,0,12.66,0.942
20521,HF,1,1,5,21,AGHS1,1,0,15.93,0.753
20522,HF,1,1,5,22,AGHS1,1,0,14.7,0.76
20523,HF,1,1,5,23,AGHS1,1,1,.,0
20524,HF,1,1,5,24,AGHS1,1,0,13.64,0.663
20525,HF,1,1,5,25,AGHS1,1,0,15.12,0.875
20526,HF,1,1,5,26,AGHS4,1,0,16.63,0.95
20527,HF,1,1,5,27,AGHS4,1,0,17.03,0.698
20528,HF,1,1,5,28,AGHS4,1,0,17.85,0.755
20529,HF,1,1,5,29,AGHS4,1,0,10.19,0.992
20530,HF,1,1,5,30,AGHS4,1,0,15.72,0.745
20601,HF,2,1,6,1,AGHS4,1,0,17.28,1.2
20602,HF,2,1,6,2,AGHS4,1,1,.,0
20603,HF,2,1,6,3,AGHS4,1,1,.,0
20604,HF,2,1,6,4,AGHS4,1,0,19.19,1.09
20605,HF,2,1,6,5,AGHS4,1,0,18.24,1.1
20606,HF,2,1,6,6,AGH2,1,0,10.98,0.53
20607,HF,2,1,6,7,AGH2,1,0,11.15,0.546
20608,HF,2,1,6,8,AGH2,1,1,.,0
20609,HF,2,1,6,9,AGH2,1,1,.,0
20610,HF,2,1,6,10,AGH2,1,0,12.91,0.721
20611,HF,2,1,6,11,AGH25,1,0,17.45,0.79
20612,HF,2,1,6,12,AGH25,1,0,12.21,0.66
20613,HF,2,1,6,13,AGH25,1,0,15.18,0.82
20614,HF,2,1,6,14,AGH25,1,0,15.22,0.998
20615,HF,2,1,6,15,AGH25,1,1,.,0
20616,HF,2,1,6,16,AGHS1,1,0,18.68,1.2
20617,HF,2,1,6,17,AGHS1,1,0,15.92,0.87
20618,HF,2,1,6,18,AGHS1,1,0,11.11,0.61
20619,HF,2,1,6,19,AGHS1,1,0,20.41,1.109
20620,HF,2,1,6,20,AGHS1,1,0,19.63,1.03
20621,HF,2,1,6,21,AGHS2,1,0,17.04,1.208
20622,HF,2,1,6,22,AGHS2,1,0,14.75,0.773
20623,HF,2,1,6,23,AGHS2,1,0,16.35,1.31
20624,HF,2,1,6,24,AGHS2,1,0,14.41,1.056
20625,HF,2,1,6,25,AGHS2,1,0,17.64,0.918
20626,HF,2,1,6,26,AGHS3,1,0,13.75,0.81
20627,HF,2,1,6,27,AGHS3,1,0,14.56,0.7
20628,HF,2,1,6,28,AGHS3,1,0,18.8,0.897
20629,HF,2,1,6,29,AGHS3,1,0,15.13,0.815
20630,HF,2,1,6,30,AGHS3,1,0,7.07,0.6
20701,HF,2,1,7,1,AGHS4,1,0,15.48,1.01
20702,HF,2,0,7,2,AGHS4,1,0,12.16,0.886
20703,HF,2,0,7,3,AGHS4,1,0,10.45,0.91
20704,HF,2,0,7,4,AGHS4,1,0,15.2,0.85
20705,HF,2,1,7,5,AGHS4,1,0,13.19,0.972
20706,HF,2,1,7,6,AGH2,1,0,10.31,0.568
20707,HF,2,0,7,7,AGH2,1,0,18.54,0.692
20708,HF,2,0,7,8,AGH2,1,0,13.52,0.571
20709,HF,2,0,7,9,AGH2,1,0,10.68,0.597
20710,HF,2,1,7,10,AGH2,1,0,11.47,0.5
20711,HF,2,1,7,11,AGH25,1,0,12.75,0.748
20712,HF,2,0,7,12,AGH25,1,0,10.48,0.435
20713,HF,2,0,7,13,AGH25,1,0,11,0.563
20714,HF,2,0,7,14,AGH25,1,0,10.89,0.546
20715,HF,2,1,7,15,AGH25,1,0,11.83,0.556
20716,HF,2,1,7,16,AGHS1,1,0,17.92,0.962
20717,HF,2,0,7,17,AGHS1,1,0,15.22,0.915
20718,HF,2,0,7,18,AGHS1,1,0,18.36,1.214
20719,HF,2,0,7,19,AGHS1,1,0,13.58,0.823
20720,HF,2,1,7,20,AGHS1,1,0,12.61,0.792
20721,HF,2,1,7,21,AGHS2,1,0,7,0.515
20722,HF,2,0,7,22,AGHS2,1,0,8.69,0.592
20723,HF,2,0,7,23,AGHS2,1,0,12.65,0.71
20724,HF,2,0,7,24,AGHS2,1,0,8.62,0.646
20725,HF,2,1,7,25,AGHS2,1,0,15.43,0.815
20726,HF,2,1,7,26,AGHS3,1,0,14.81,0.74
20727,HF,2,0,7,27,AGHS3,1,1,.,0
20728,HF,2,0,7,28,AGHS3,1,0,9.22,0.602
20729,HF,2,0,7,29,AGHS3,1,0,16.67,0.852
20730,HF,2,1,7,30,AGHS3,1,0,13.39,0.721
20801,HF,2,1,8,1,AGHS4,1,0,18.38,1.037
20802,HF,2,0,8,2,AGHS4,1,0,18.45,1.287
20803,HF,2,0,8,3,AGHS4,1,0,17.43,1.186
20804,HF,2,0,8,4,AGHS4,1,0,18.56,1.105
20805,HF,2,1,8,5,AGHS4,1,0,18.12,1.184
20806,HF,2,1,8,6,AGH2,1,0,15.21,0.745
20807,HF,2,0,8,7,AGH2,1,0,8.89,0.87
20808,HF,2,0,8,8,AGH2,1,0,12.73,0.83
20809,HF,2,0,8,9,AGH2,1,0,6.49,0.35
20810,HF,2,1,8,10,AGH2,1,0,16.14,0.935
20811,HF,2,1,8,11,AGH25,1,0,13.21,0.9
20812,HF,2,0,8,12,AGH25,1,0,9.53,0.52
20813,HF,2,0,8,13,AGH25,1,0,16.51,0.89
20814,HF,2,0,8,14,AGH25,1,0,15,0.974
20815,HF,2,1,8,15,AGH25,1,0,15.39,0.81
20816,HF,2,1,8,16,AGHS1,1,0,13.33,1.24
20817,HF,2,0,8,17,AGHS1,1,0,17.59,1.257
20818,HF,2,0,8,18,AGHS1,1,0,17.74,1.148
20819,HF,2,0,8,19,AGHS1,1,0,12.31,1.22
20820,HF,2,1,8,20,AGHS1,1,0,15.42,1.362
20821,HF,2,1,8,21,AGHS2,1,0,9.49,1.055
20822,HF,2,0,8,22,AGHS2,1,0,11.55,1.002
20823,HF,2,0,8,23,AGHS2,1,0,11.55,0.86
20824,HF,2,0,8,24,AGHS2,1,0,15.26,0.968
20825,HF,2,1,8,25,AGHS2,1,0,18.16,1.003
20826,HF,2,1,8,26,AGHS3,1,0,10.15,0.834
20827,HF,2,0,8,27,AGHS3,1,0,18.14,0.958
20828,HF,2,0,8,28,AGHS3,1,0,15.63,0.897
20829,HF,2,0,8,29,AGHS3,1,0,10.8,0.569
20830,HF,2,1,8,30,AGHS3,1,0,12.1,0.63
20901,HF,2,1,9,1,AGHS4,1,0,12.7,0.633
20902,HF,2,0,9,2,AGHS4,1,0,12.56,1.112
20903,HF,2,0,9,3,AGHS4,1,0,14.92,1.025
20904,HF,2,0,9,4,AGHS4,1,0,15.13,1.12
20905,HF,2,1,9,5,AGHS4,1,0,17.72,1.135
20906,HF,2,1,9,6,AGH2,1,0,12.09,0.53
20907,HF,2,0,9,7,AGH2,1,0,18.95,0.913
20908,HF,2,0,9,8,AGH2,1,0,16.15,0.954
20909,HF,2,0,9,9,AGH2,1,0,12.93,0.86
20910,HF,2,1,9,10,AGH2,1,0,13.76,0.712
20911,HF,2,1,9,11,AGH25,1,0,14.1,0.678
20912,HF,2,0,9,12,AGH25,1,0,14.76,0.844
20913,HF,2,0,9,13,AGH25,1,0,16.35,0.814
20914,HF,2,0,9,14,AGH25,1,0,16.14,0.968
20915,HF,2,1,9,15,AGH25,1,0,18.56,0.873
20916,HF,2,1,9,16,AGHS1,1,0,18.64,1.105
20917,HF,2,0,9,17,AGHS1,1,0,16.6,0.9
20918,HF,2,0,9,18,AGHS1,1,0,17.5,1.12
20919,HF,2,0,9,19,AGHS1,1,0,11.96,1.29
20920,HF,2,1,9,20,AGHS1,1,0,10.02,0.722
20921,HF,2,1,9,21,AGHS2,1,0,15.13,1.306
20922,HF,2,0,9,22,AGHS2,1,0,12.66,0.89
20923,HF,2,0,9,23,AGHS2,1,0,16.87,1.153
20924,HF,2,0,9,24,AGHS2,1,0,15.58,0.81
20925,HF,2,1,9,25,AGHS2,1,0,10.86,0.812
20926,HF,2,1,9,26,AGHS3,1,0,16.81,0.862
20927,HF,2,0,9,27,AGHS3,1,0,9.13,0.572
20928,HF,2,0,9,28,AGHS3,1,0,15.14,1.04
20929,HF,2,0,9,29,AGHS3,1,0,12.68,0.61
20930,HF,2,1,9,30,AGHS3,1,0,14.31,0.848
21001,HF,2,1,10,1,AGHS4,1,0,15.3,0.712
21002,HF,2,1,10,2,AGHS4,1,0,14.9,0.9
21003,HF,2,1,10,3,AGHS4,1,0,13.95,0.995
21004,HF,2,1,10,4,AGHS4,1,0,18,0.843
21005,HF,2,1,10,5,AGHS4,1,0,15.8,0.89
21006,HF,2,1,10,6,AGH2,1,0,10.95,0.713
21007,HF,2,1,10,7,AGH2,1,0,9.12,0.637
21008,HF,2,1,10,8,AGH2,1,0,15.58,0.911
21009,HF,2,1,10,9,AGH2,1,0,12.53,0.692
21010,HF,2,1,10,10,AGH2,1,0,14.1,0.7
21011,HF,2,1,10,11,AGH25,1,0,19.2,1.313
21012,HF,2,1,10,12,AGH25,1,0,12.91,0.592
21013,HF,2,1,10,13,AGH25,1,0,16.52,0.917
21014,HF,2,1,10,14,AGH25,1,0,10.8,0.45
21015,HF,2,1,10,15,AGH25,1,0,13.32,0.536
21016,HF,2,1,10,16,AGHS1,1,0,14.85,0.956
21017,HF,2,1,10,17,AGHS1,1,0,11.71,1.055
21018,HF,2,1,10,18,AGHS1,1,0,18.93,1.02
21019,HF,2,1,10,19,AGHS1,1,0,8.16,0.6
21020,HF,2,1,10,20,AGHS1,1,0,9.8,0.732
21021,HF,2,1,10,21,AGHS2,1,0,13.78,1.043
21022,HF,2,1,10,22,AGHS2,1,0,17.07,1.054
21023,HF,2,1,10,23,AGHS2,1,0,17.49,1.19
21024,HF,2,1,10,24,AGHS2,1,0,13.43,1
21025,HF,2,1,10,25,AGHS2,1,0,7.78,0.79
21026,HF,2,1,10,26,AGHS3,1,0,10.36,0.712
21027,HF,2,1,10,27,AGHS3,1,0,8,0.634
21028,HF,2,1,10,28,AGHS3,1,0,17.13,0.848
21029,HF,2,1,10,29,AGHS3,1,0,16.97,0.668
21030,HF,2,1,10,30,AGHS3,1,1,.,0
21101,HF,3,1,11,1,AGHS1,1,0,14.48,0.92
21102,HF,3,1,11,2,AGHS1,1,0,11.93,0.813
21103,HF,3,1,11,3,AGHS1,1,0,18.9,1.156
21104,HF,3,1,11,4,AGHS1,1,0,17.78,0.974
21105,HF,3,1,11,5,AGHS1,1,0,18.19,0.855
21106,HF,3,1,11,6,AGHS3,1,0,15.58,0.978
21107,HF,3,1,11,7,AGHS3,1,0,14.02,0.972
21108,HF,3,1,11,8,AGHS3,1,0,17.52,0.979
21109,HF,3,1,11,9,AGHS3,1,0,18.41,1.18
21110,HF,3,1,11,10,AGHS3,1,0,18.64,1.05
21111,HF,3,1,11,11,AGHS2,1,0,18.88,0.977
21112,HF,3,1,11,12,AGHS2,1,0,17.96,0.976
21113,HF,3,1,11,13,AGHS2,1,0,17.45,1.05
21114,HF,3,1,11,14,AGHS2,1,0,16.71,1.027
21115,HF,3,1,11,15,AGHS2,1,0,14.16,1.05
21116,HF,3,1,11,16,AGH2,1,0,12.01,0.947
21117,HF,3,1,11,17,AGH2,1,0,11.94,0.682
21118,HF,3,1,11,18,AGH2,1,0,14.39,0.53
21119,HF,3,1,11,19,AGH2,1,0,13.62,0.86
21120,HF,3,1,11,20,AGH2,1,0,15.25,0.887
21121,HF,3,1,11,21,AGHS4,1,0,14.56,1.182
21122,HF,3,1,11,22,AGHS4,1,0,13.73,1.141
21123,HF,3,1,11,23,AGHS4,1,0,14.69,1.122
21124,HF,3,1,11,24,AGHS4,1,0,15.24,1.06
21125,HF,3,1,11,25,AGHS4,1,0,9.26,1.092
21126,HF,3,1,11,26,AGH25,1,0,8.11,0.564
21127,HF,3,1,11,27,AGH25,1,0,11.97,0.5
21128,HF,3,1,11,28,AGH25,1,0,9.96,0.544
21129,HF,3,1,11,29,AGH25,1,0,9.66,0.51
21130,HF,3,1,11,30,AGH25,1,0,19.36,0.431
21201,HF,3,1,12,1,AGHS1,1,0,19.4,1.283
21202,HF,3,0,12,2,AGHS1,1,0,15.96,1.146
21203,HF,3,0,12,3,AGHS1,1,0,18.44,1.046
21204,HF,3,0,12,4,AGHS1,1,0,19.11,0.957
21205,HF,3,1,12,5,AGHS1,1,0,16.23,0.82
21206,HF,3,1,12,6,AGHS3,1,0,24.66,1.292
21207,HF,3,0,12,7,AGHS3,1,0,23.89,1.232
21208,HF,3,0,12,8,AGHS3,1,0,16.6,1.056
21209,HF,3,0,12,9,AGHS3,1,0,17.14,1.093
21210,HF,3,1,12,10,AGHS3,1,0,25.19,1.2
21211,HF,3,1,12,11,AGHS2,1,0,19.19,0.945
21212,HF,3,0,12,12,AGHS2,1,0,16.11,0.855
21213,HF,3,0,12,13,AGHS2,1,0,18.08,0.954
21214,HF,3,0,12,14,AGHS2,1,0,17.81,0.847
21215,HF,3,1,12,15,AGHS2,1,0,12.21,0.974
21216,HF,3,1,12,16,AGH2,1,0,15.97,0.948
21217,HF,3,0,12,17,AGH2,1,0,14.81,0.889
21218,HF,3,0,12,18,AGH2,1,0,11.97,0.52
21219,HF,3,0,12,19,AGH2,1,0,11.11,0.52
21220,HF,3,1,12,20,AGH2,1,0,12.9,0.9
21221,HF,3,1,12,21,AGHS4,1,0,12.94,0.718
21222,HF,3,0,12,22,AGHS4,1,0,11.06,0.857
21223,HF,3,0,12,23,AGHS4,1,0,18.97,1.023
21224,HF,3,0,12,24,AGHS4,1,0,8.68,0.675
21225,HF,3,1,12,25,AGHS4,1,0,12,0.68
21226,HF,3,1,12,26,AGH25,1,0,8.19,0.263
21227,HF,3,0,12,27,AGH25,1,0,6.78,0.504
21228,HF,3,0,12,28,AGH25,1,0,7.92,0.523
21229,HF,3,0,12,29,AGH25,1,0,12.59,0.832
21230,HF,3,1,12,30,AGH25,1,1,.,0
21301,HF,3,1,13,1,AGHS1,1,0,7.47,0.91
21302,HF,3,0,13,2,AGHS1,1,0,9.01,0.74
21303,HF,3,0,13,3,AGHS1,1,0,16.1,0.8
21304,HF,3,0,13,4,AGHS1,1,0,10.26,0.74
21305,HF,3,1,13,5,AGHS1,1,0,15.26,1.155
21306,HF,3,1,13,6,AGHS3,1,0,11.4,0.725
21307,HF,3,0,13,7,AGHS3,1,0,11.59,0.78
21308,HF,3,0,13,8,AGHS3,1,0,11,0.808
21309,HF,3,0,13,9,AGHS3,1,0,17.12,0.914
21310,HF,3,1,13,10,AGHS3,1,0,13.22,1.058
21311,HF,3,1,13,11,AGHS2,1,0,14.45,1.14
21312,HF,3,0,13,12,AGHS2,1,0,14.82,0.936
21313,HF,3,0,13,13,AGHS2,1,0,13.18,1.21
21314,HF,3,0,13,14,AGHS2,1,0,17.09,1.015
21315,HF,3,1,13,15,AGHS2,1,0,18.18,0.987
21316,HF,3,1,13,16,AGH2,1,0,14.37,0.92
21317,HF,3,0,13,17,AGH2,1,0,15,0.645
21318,HF,3,0,13,18,AGH2,1,0,8.28,0.595
21319,HF,3,0,13,19,AGH2,1,1,.,0
21320,HF,3,1,13,20,AGH2,1,0,10.79,0.588
21321,HF,3,1,13,21,AGHS4,1,0,8.64,0.894
21322,HF,3,0,13,22,AGHS4,1,0,3.85,0.413
21323,HF,3,0,13,23,AGHS4,1,0,10.8,0.91
21324,HF,3,0,13,24,AGHS4,1,0,7.96,0.753
21325,HF,3,1,13,25,AGHS4,1,0,12.27,0.854
21326,HF,3,1,13,26,AGH25,1,0,11.27,0.528
21327,HF,3,0,13,27,AGH25,1,0,6.98,0.478
21328,HF,3,0,13,28,AGH25,1,1,.,0
21329,HF,3,0,13,29,AGH25,1,0,9.94,0.63
21330,HF,3,1,13,30,AGH25,1,0,15.3,0.6
21401,HF,3,1,14,1,AGHS1,1,0,19.36,0.967
21402,HF,3,0,14,2,AGHS1,1,0,20.28,1.157
21403,HF,3,0,14,3,AGHS1,1,0,22.34,1.212
21404,HF,3,0,14,4,AGHS1,1,0,12.33,0.807
21405,HF,3,1,14,5,AGHS1,1,0,14.98,1.086
21406,HF,3,1,14,6,AGHS3,1,0,13.11,0.812
21407,HF,3,0,14,7,AGHS3,1,0,16.35,0.886
21408,HF,3,0,14,8,AGHS3,1,0,13.06,0.8
21409,HF,3,0,14,9,AGHS3,1,0,17.77,1.181
21410,HF,3,1,14,10,AGHS3,1,0,15.34,1.072
21411,HF,3,1,14,11,AGHS2,1,0,12.17,0.919
21412,HF,3,0,14,12,AGHS2,1,0,19.17,1.222
21413,HF,3,0,14,13,AGHS2,1,0,22.09,0.982
21414,HF,3,0,14,14,AGHS2,1,0,25,1.14
21415,HF,3,1,14,15,AGHS2,1,0,20.17,1.18
21416,HF,3,1,14,16,AGH2,1,0,7.23,0.274
21417,HF,3,0,14,17,AGH2,1,0,13.44,0.72
21418,HF,3,0,14,18,AGH2,1,0,12.4,0.763
21419,HF,3,0,14,19,AGH2,1,0,16.23,0.782
21420,HF,3,1,14,20,AGH2,1,0,9.56,0.543
21421,HF,3,1,14,21,AGHS4,1,1,.,0
21422,HF,3,0,14,22,AGHS4,1,0,17.18,0.888
21423,HF,3,0,14,23,AGHS4,1,0,10.22,0.59
21424,HF,3,0,14,24,AGHS4,1,0,11.19,0.773
21425,HF,3,1,14,25,AGHS4,1,0,7.1,0.65
21426,HF,3,1,14,26,AGH25,1,0,9.18,0.533
21427,HF,3,0,14,27,AGH25,1,0,18.42,0.805
21428,HF,3,0,14,28,AGH25,1,0,16.92,0.763
21429,HF,3,0,14,29,AGH25,1,0,11.68,0.694
21430,HF,3,1,14,30,AGH25,1,0,11.05,0.768
21501,HF,3,1,15,1,AGHS1,1,0,17.68,0.903
21502,HF,3,1,15,2,AGHS1,1,0,19.18,1.014
21503,HF,3,1,15,3,AGHS1,1,0,16.21,0.784
21504,HF,3,1,15,4,AGHS1,1,0,15.7,0.97
21505,HF,3,1,15,5,AGHS1,1,0,20.23,1.417
21506,HF,3,1,15,6,AGHS3,1,0,14.06,0.902
21507,HF,3,1,15,7,AGHS3,1,0,19.49,0.967
21508,HF,3,1,15,8,AGHS3,1,0,15.53,1.32
21509,HF,3,1,15,9,AGHS3,1,0,17.09,1.372
21510,HF,3,1,15,10,AGHS3,1,0,8.12,0.7
21511,HF,3,1,15,11,AGHS2,1,0,11.87,0.928
21512,HF,3,1,15,12,AGHS2,1,0,15.68,1.049
21513,HF,3,1,15,13,AGHS2,1,0,11.26,0.726
21514,HF,3,1,15,14,AGHS2,1,0,15.63,0.342
21515,HF,3,1,15,15,AGHS2,1,0,8.98,0.79
21516,HF,3,1,15,16,AGH2,1,0,8.25,0.507
21517,HF,3,1,15,17,AGH2,1,0,11.4,0.59
21518,HF,3,1,15,18,AGH2,1,0,10.11,0.503
21519,HF,3,1,15,19,AGH2,1,0,8.17,0.426
21520,HF,3,1,15,20,AGH2,1,0,8.54,0.58
21521,HF,3,1,15,21,AGHS4,1,0,8.56,0.542
21522,HF,3,1,15,22,AGHS4,1,0,8.17,0.668
21523,HF,3,1,15,23,AGHS4,1,0,16.61,0.81
21524,HF,3,1,15,24,AGHS4,1,0,7.98,0.513
21525,HF,3,1,15,25,AGHS4,1,0,14.33,0.775
21526,HF,3,1,15,26,AGH25,1,0,17.92,0.664
21527,HF,3,1,15,27,AGH25,1,0,14.17,0.753
21528,HF,3,1,15,28,AGH25,1,0,15.08,0.727
21529,HF,3,1,15,29,AGH25,1,0,8.34,0.433
21530,HF,3,1,15,30,AGH25,1,0,8.33,0.369
21601,HF,4,1,16,1,AGHS2,1,0,13.84,0.732
21602,HF,4,1,16,2,AGHS2,1,0,15.4,1.1
21603,HF,4,1,16,3,AGHS2,1,0,15.49,1.19
21604,HF,4,1,16,4,AGHS2,1,0,22.92,1.301
21605,HF,4,1,16,5,AGHS2,1,0,19.25,0.983
21606,HF,4,1,16,6,AGHS4,1,0,22.39,1.212
21607,HF,4,1,16,7,AGHS4,1,0,19.92,1.21
21608,HF,4,1,16,8,AGHS4,1,0,15.83,0.744
21609,HF,4,1,16,9,AGHS4,1,0,14.2,1.087
21610,HF,4,1,16,10,AGHS4,1,0,16.78,1.01
21611,HF,4,1,16,11,AGH25,1,0,15.1,0.758
21612,HF,4,1,16,12,AGH25,1,0,18.42,0.844
21613,HF,4,1,16,13,AGH25,1,0,10.54,0.565
21614,HF,4,1,16,14,AGH25,1,0,11.7,0.478
21615,HF,4,1,16,15,AGH25,1,0,11.88,0.56
21616,HF,4,1,16,16,AGHS3,1,0,14.23,0.744
21617,HF,4,1,16,17,AGHS3,1,0,6.12,0.273
21618,HF,4,1,16,18,AGHS3,1,0,13.06,0.59
21619,HF,4,1,16,19,AGHS3,1,0,12.51,0.663
21620,HF,4,1,16,20,AGHS3,1,0,17.46,1.07
21621,HF,4,1,16,21,AGH2,1,0,10.34,0.965
21622,HF,4,1,16,22,AGH2,1,0,11,0.58
21623,HF,4,1,16,23,AGH2,1,0,14.74,0.797
21624,HF,4,1,16,24,AGH2,1,0,10.16,0.65
21625,HF,4,1,16,25,AGH2,1,0,12.21,0.594
21626,HF,4,1,16,26,AGHS1,1,0,15.6,0.715
21627,HF,4,1,16,27,AGHS1,1,0,7.7,0.257
21628,HF,4,1,16,28,AGHS1,1,0,22.56,1.362
21629,HF,4,1,16,29,AGHS1,1,0,24.5,1.1
21630,HF,4,1,16,30,AGHS1,1,0,14.39,0.587
21701,HF,4,1,17,1,AGHS2,1,0,20.52,1.057
21702,HF,4,0,17,2,AGHS2,1,0,18.91,1.123
21703,HF,4,0,17,3,AGHS2,1,0,14.71,0.964
21704,HF,4,0,17,4,AGHS2,1,0,22.01,1.278
21705,HF,4,1,17,5,AGHS2,1,0,19.54,1.06
21706,HF,4,1,17,6,AGHS4,1,0,14.5,0.99
21707,HF,4,0,17,7,AGHS4,1,0,14.35,0.931
21708,HF,4,0,17,8,AGHS4,1,0,17.17,0.952
21709,HF,4,0,17,9,AGHS4,1,0,14.89,0.779
21710,HF,4,1,17,10,AGHS4,1,0,15.47,1.163
21711,HF,4,1,17,11,AGH25,1,0,21.63,1.103
21712,HF,4,0,17,12,AGH25,1,0,8.58,0.454
21713,HF,4,0,17,13,AGH25,1,0,10.82,0.434
21714,HF,4,0,17,14,AGH25,1,0,16.48,1.011
21715,HF,4,1,17,15,AGH25,1,0,13,0.627
21716,HF,4,1,17,16,AGHS3,1,0,12.22,0.736
21717,HF,4,0,17,17,AGHS3,1,0,13.01,0.712
21718,HF,4,0,17,18,AGHS3,1,0,12.77,1.076
21719,HF,4,0,17,19,AGHS3,1,0,13.06,0.895
21720,HF,4,1,17,20,AGHS3,1,0,15.27,0.74
21721,HF,4,1,17,21,AGH2,1,0,12.76,0.664
21722,HF,4,0,17,22,AGH2,1,0,16.9,0.938
21723,HF,4,0,17,23,AGH2,1,0,9.95,0.473
21724,HF,4,0,17,24,AGH2,1,0,12.31,0.514
21725,HF,4,1,17,25,AGH2,1,0,10.5,0.53
21726,HF,4,1,17,26,AGHS1,1,0,16.5,0.99
21727,HF,4,0,17,27,AGHS1,1,0,14.91,0.697
21728,HF,4,0,17,28,AGHS1,1,0,17.85,1.173
21729,HF,4,0,17,29,AGHS1,1,0,15.74,0.797
21730,HF,4,1,17,30,AGHS1,1,0,12.98,0.708
21801,HF,4,1,18,1,AGHS2,1,0,15.57,1.056
21802,HF,4,0,18,2,AGHS2,1,0,24.07,1.154
21803,HF,4,0,18,3,AGHS2,1,0,19.56,1.218
21804,HF,4,0,18,4,AGHS2,1,0,10.07,0.745
21805,HF,4,1,18,5,AGHS2,1,0,20.25,1.132
21806,HF,4,1,18,6,AGHS4,1,0,12.44,0.88
21807,HF,4,0,18,7,AGHS4,1,0,13.04,1.136
21808,HF,4,0,18,8,AGHS4,1,0,16.36,0.95
21809,HF,4,0,18,9,AGHS4,1,0,14.31,1.123
21810,HF,4,1,18,10,AGHS4,1,0,15.99,1.014
21811,HF,4,1,18,11,AGH25,1,0,15.02,1.04
21812,HF,4,0,18,12,AGH25,1,0,16.42,1.037
21813,HF,4,0,18,13,AGH25,1,0,14.62,0.856
21814,HF,4,0,18,14,AGH25,1,0,12.13,0.612
21815,HF,4,1,18,15,AGH25,1,0,9.61,0.673
21816,HF,4,1,18,16,AGHS3,1,0,11.68,0.91
21817,HF,4,0,18,17,AGHS3,1,0,11.63,0.95
21818,HF,4,0,18,18,AGHS3,1,0,11.84,0.628
21819,HF,4,0,18,19,AGHS3,1,0,10.71,0.74
21820,HF,4,1,18,20,AGHS3,1,0,8.96,0.65
21821,HF,4,1,18,21,AGH2,1,0,8.07,0.566
21822,HF,4,0,18,22,AGH2,1,0,7.44,0.388
21823,HF,4,0,18,23,AGH2,1,1,.,0
21824,HF,4,0,18,24,AGH2,1,0,8.86,0.525
21825,HF,4,1,18,25,AGH2,1,0,7.39,0.47
21826,HF,4,1,18,26,AGHS1,1,0,10.39,1.079
21827,HF,4,0,18,27,AGHS1,1,0,11.29,1.406
21828,HF,4,0,18,28,AGHS1,1,0,14.16,1
21829,HF,4,0,18,29,AGHS1,1,0,11.81,0.71
21830,HF,4,1,18,30,AGHS1,1,0,12.06,0.686
21901,HF,4,1,19,1,AGHS2,1,0,17.3,0.833
21902,HF,4,0,19,2,AGHS2,1,0,15.29,0.99
21903,HF,4,0,19,3,AGHS2,1,0,13.68,1.075
21904,HF,4,0,19,4,AGHS2,1,0,20.64,1.284
21905,HF,4,1,19,5,AGHS2,1,0,14.87,0.885
21906,HF,4,1,19,6,AGHS4,1,0,16.71,1.098
21907,HF,4,0,19,7,AGHS4,1,0,16.37,1.064
21908,HF,4,0,19,8,AGHS4,1,0,18.75,1.083
21909,HF,4,0,19,9,AGHS4,1,0,12.28,0.88
21910,HF,4,1,19,10,AGHS4,1,0,11.21,0.6
21911,HF,4,1,19,11,AGH25,1,0,13,0.727
21912,HF,4,0,19,12,AGH25,1,0,13.05,0.523
21913,HF,4,0,19,13,AGH25,1,0,16.22,0.7
21914,HF,4,0,19,14,AGH25,1,0,19.29,0.54
21915,HF,4,1,19,15,AGH25,1,0,19.84,0.93
21916,HF,4,1,19,16,AGHS3,1,0,15.08,0.89
21917,HF,4,0,19,17,AGHS3,1,0,18.92,0.83
21918,HF,4,0,19,18,AGHS3,1,0,18.22,0.816
21919,HF,4,0,19,19,AGHS3,1,0,10.65,0.585
21920,HF,4,1,19,20,AGHS3,1,0,10.84,0.724
21921,HF,4,1,19,21,AGH2,1,0,14.65,1.253
21922,HF,4,0,19,22,AGH2,1,0,13.6,1.055
21923,HF,4,0,19,23,AGH2,1,0,17.09,0.814
21924,HF,4,0,19,24,AGH2,1,1,.,0
21925,HF,4,1,19,25,AGH2,1,0,8.05,0.7
21926,HF,4,1,19,26,AGHS1,1,0,12.92,1.032
21927,HF,4,0,19,27,AGHS1,1,0,18.09,1.238
21928,HF,4,0,19,28,AGHS1,1,0,11.45,0.77
21929,HF,4,0,19,29,AGHS1,1,0,12.96,0.743
21930,HF,4,1,19,30,AGHS1,1,0,12.06,0.777
22001,HF,4,1,20,1,AGHS2,1,0,14.62,0.437
22002,HF,4,1,20,2,AGHS2,1,0,14.65,0.76
22003,HF,4,1,20,3,AGHS2,1,0,16.86,0.803
22004,HF,4,1,20,4,AGHS2,1,0,14.13,0.608
22005,HF,4,1,20,5,AGHS2,1,0,17.46,0.917
22006,HF,4,1,20,6,AGHS4,1,0,13.87,0.794
22007,HF,4,1,20,7,AGHS4,1,0,14.2,0.855
22008,HF,4,1,20,8,AGHS4,1,0,14.87,0.933
22009,HF,4,1,20,9,AGHS4,1,0,15.87,1.011
22010,HF,4,1,20,10,AGHS4,1,0,16.36,0.984
22011,HF,4,1,20,11,AGH25,1,0,14.3,0.77
22012,HF,4,1,20,12,AGH25,1,0,14.16,0.86
22013,HF,4,1,20,13,AGH25,1,0,10.42,0.64
22014,HF,4,1,20,14,AGH25,1,0,12.45,0.642
22015,HF,4,1,20,15,AGH25,1,0,10.85,0.543
22016,HF,4,1,20,16,AGHS3,1,0,14.24,0.748
22017,HF,4,1,20,17,AGHS3,1,0,23.31,1.182
22018,HF,4,1,20,18,AGHS3,1,0,14.51,0.995
22019,HF,4,1,20,19,AGHS3,1,0,21.54,1
22020,HF,4,1,20,20,AGHS3,1,0,13.25,0.91
22021,HF,4,1,20,21,AGH2,1,0,9.28,0.57
22022,HF,4,1,20,22,AGH2,1,0,16.15,0.883
22023,HF,4,1,20,23,AGH2,1,1,.,0
22024,HF,4,1,20,24,AGH2,1,0,12,0.687
22025,HF,4,1,20,25,AGH2,1,0,9.23,0.546
22026,HF,4,1,20,26,AGHS1,1,0,10.48,0.773
22027,HF,4,1,20,27,AGHS1,1,0,11.43,0.818
22028,HF,4,1,20,28,AGHS1,1,0,12.26,1.005
22029,HF,4,1,20,29,AGHS1,1,0,12.24,0.738
22030,HF,4,1,20,30,AGHS1,1,0,16.67,0.753
20101,HF,1,1,1,1,AGHS3,2,0,43.86,0.6
20102,HF,1,1,1,2,AGHS3,2,0,48.82,0.91
20103,HF,1,1,1,3,AGHS3,2,0,41.8,0.92
20104,HF,1,1,1,4,AGHS3,2,0,32.91,1.86
20105,HF,1,1,1,5,AGHS3,2,1,.,0
20106,HF,1,1,1,6,AGH25,2,0,32.23,1.35
20107,HF,1,1,1,7,AGH25,2,1,.,0
20108,HF,1,1,1,8,AGH25,2,1,.,0
20109,HF,1,1,1,9,AGH25,2,1,.,0
20110,HF,1,1,1,10,AGH25,2,1,.,0
20111,HF,1,1,1,11,AGH2,2,1,.,0
20112,HF,1,1,1,12,AGH2,2,0,38.68,1.58
20113,HF,1,1,1,13,AGH2,2,1,.,0
20114,HF,1,1,1,14,AGH2,2,0,44.13,1.83
20115,HF,1,1,1,15,AGH2,2,0,40.44,1.71
20116,HF,1,1,1,16,AGHS2,2,1,.,0
20117,HF,1,1,1,17,AGHS2,2,0,30.67,1.85
20118,HF,1,1,1,18,AGHS2,2,0,42.91,2.02
20119,HF,1,1,1,19,AGHS2,2,1,.,0
20120,HF,1,1,1,20,AGHS2,2,1,.,0
20121,HF,1,1,1,21,AGHS1,2,1,.,0
20122,HF,1,1,1,22,AGHS1,2,1,.,0
20123,HF,1,1,1,23,AGHS1,2,0,47.97,2.37
20124,HF,1,1,1,24,AGHS1,2,0,40.18,1.98
20125,HF,1,1,1,25,AGHS1,2,0,39.51,1.73
20126,HF,1,1,1,26,AGHS4,2,1,.,0
20127,HF,1,1,1,27,AGHS4,2,0,20.17,1.4
20128,HF,1,1,1,28,AGHS4,2,0,36.43,1.88
20129,HF,1,1,1,29,AGHS4,2,0,24.52,1.52
20130,HF,1,1,1,30,AGHS4,2,0,50.72,2.29
20201,HF,1,1,2,1,AGHS3,2,1,.,0
20202,HF,1,0,2,2,AGHS3,2,1,.,0
20203,HF,1,0,2,3,AGHS3,2,1,.,0
20204,HF,1,0,2,4,AGHS3,2,0,43.55,2.09
20205,HF,1,1,2,5,AGHS3,2,0,49.21,2.38
20206,HF,1,1,2,6,AGH25,2,0,33.84,1.57
20207,HF,1,0,2,7,AGH25,2,1,.,0
20208,HF,1,0,2,8,AGH25,2,1,.,0
20209,HF,1,0,2,9,AGH25,2,0,53.57,1.95
20210,HF,1,1,2,10,AGH25,2,0,32.06,1.52
20211,HF,1,1,2,11,AGH2,2,1,.,0
20212,HF,1,0,2,12,AGH2,2,1,.,0
20213,HF,1,0,2,13,AGH2,2,1,.,0
20214,HF,1,0,2,14,AGH2,2,0,54.15,2.42
20215,HF,1,1,2,15,AGH2,2,1,.,0
20216,HF,1,1,2,16,AGHS2,2,1,.,0
20217,HF,1,0,2,17,AGHS2,2,1,.,0
20218,HF,1,0,2,18,AGHS2,2,0,32.72,1.94
20219,HF,1,0,2,19,AGHS2,2,0,39.01,1.96
20220,HF,1,1,2,20,AGHS2,2,0,44.31,2.07
20221,HF,1,1,2,21,AGHS1,2,0,21.62,1.35
20222,HF,1,0,2,22,AGHS1,2,1,.,0
20223,HF,1,0,2,23,AGHS1,2,1,.,0
20224,HF,1,0,2,24,AGHS1,2,0,22.6,1.38
20225,HF,1,1,2,25,AGHS1,2,0,57.41,2.24
20226,HF,1,1,2,26,AGHS4,2,0,44.5,1.94
20227,HF,1,0,2,27,AGHS4,2,0,29.23,1.37
20228,HF,1,0,2,28,AGHS4,2,0,11.07,0.74
20229,HF,1,0,2,29,AGHS4,2,1,.,0
20230,HF,1,1,2,30,AGHS4,2,0,29.23,1.37
20301,HF,1,1,3,1,AGHS3,2,1,.,0
20302,HF,1,0,3,2,AGHS3,2,0,62.17,2.88
20303,HF,1,0,3,3,AGHS3,2,0,42.19,2.38
20304,HF,1,0,3,4,AGHS3,2,0,58.4,2.78
20305,HF,1,1,3,5,AGHS3,2,0,57.6,2.65
20306,HF,1,1,3,6,AGH25,2,1,.,0
20307,HF,1,0,3,7,AGH25,2,1,.,0
20308,HF,1,0,3,8,AGH25,2,0,48.9,2.34
20309,HF,1,0,3,9,AGH25,2,0,37.3,1.97
20310,HF,1,1,3,10,AGH25,2,0,52.1,2.15
20311,HF,1,1,3,11,AGH2,2,1,.,0
20312,HF,1,0,3,12,AGH2,2,1,.,0
20313,HF,1,0,3,13,AGH2,2,1,.,0
20314,HF,1,0,3,14,AGH2,2,0,15.6,1.28
20315,HF,1,1,3,15,AGH2,2,0,31.5,1.4
20316,HF,1,1,3,16,AGHS2,2,0,58.5,2.68
20317,HF,1,0,3,17,AGHS2,2,0,41.4,2.23
20318,HF,1,0,3,18,AGHS2,2,1,.,0
20319,HF,1,0,3,19,AGHS2,2,1,.,0
20320,HF,1,1,3,20,AGHS2,2,0,45.5,2.57
20321,HF,1,1,3,21,AGHS1,2,0,42.7,2.29
20322,HF,1,0,3,22,AGHS1,2,0,42.1,2.15
20323,HF,1,0,3,23,AGHS1,2,0,55.8,2.5
20324,HF,1,0,3,24,AGHS1,2,1,.,0
20325,HF,1,1,3,25,AGHS1,2,0,46.4,2.03
20326,HF,1,1,3,26,AGHS4,2,1,.,0
20327,HF,1,0,3,27,AGHS4,2,1,.,0
20328,HF,1,0,3,28,AGHS4,2,0,26.9,1.56
20329,HF,1,0,3,29,AGHS4,2,0,21.4,1.58
20330,HF,1,1,3,30,AGHS4,2,0,48.9,1.5
20401,HF,1,1,4,1,AGHS3,2,1,.,0
20402,HF,1,0,4,2,AGHS3,2,0,37.5,1.95
20403,HF,1,0,4,3,AGHS3,2,0,44.2,1.95
20404,HF,1,0,4,4,AGHS3,2,1,.,0
20405,HF,1,1,4,5,AGHS3,2,1,.,0
20406,HF,1,1,4,6,AGH25,2,0,44.7,2.01
20407,HF,1,0,4,7,AGH25,2,1,.,0
20408,HF,1,0,4,8,AGH25,2,0,31.7,1.16
20409,HF,1,0,4,9,AGH25,2,0,33.2,1.32
20410,HF,1,1,4,10,AGH25,2,0,39.1,2.05
20411,HF,1,1,4,11,AGH2,2,1,.,0
20412,HF,1,0,4,12,AGH2,2,1,.,0
20413,HF,1,0,4,13,AGH2,2,0,41.2,1.7
20414,HF,1,0,4,14,AGH2,2,0,36.1,1.38
20415,HF,1,1,4,15,AGH2,2,1,.,0
20416,HF,1,1,4,16,AGHS2,2,0,57.4,2.57
20417,HF,1,0,4,17,AGHS2,2,0,35.8,2.26
20418,HF,1,0,4,18,AGHS2,2,0,15,2.57
20419,HF,1,0,4,19,AGHS2,2,0,24.4,2.63
20420,HF,1,1,4,20,AGHS2,2,0,57.9,2.87
20421,HF,1,1,4,21,AGHS1,2,0,38.8,2.37
20422,HF,1,0,4,22,AGHS1,2,0,48.4,2.37
20423,HF,1,0,4,23,AGHS1,2,0,54.9,2.77
20424,HF,1,0,4,24,AGHS1,2,0,48.4,2.38
20425,HF,1,1,4,25,AGHS1,2,0,53,2.44
20426,HF,1,1,4,26,AGHS4,2,0,38.8,1.97
20427,HF,1,0,4,27,AGHS4,2,0,45,2.07
20428,HF,1,0,4,28,AGHS4,2,0,58.3,2.39
20429,HF,1,0,4,29,AGHS4,2,0,59.7,2.41
20430,HF,1,1,4,30,AGHS4,2,0,38.5,1.94
20501,HF,1,1,5,1,AGHS3,2,0,32.1,1.5
20502,HF,1,1,5,2,AGHS3,2,0,43.6,2.02
20503,HF,1,1,5,3,AGHS3,2,0,31.7,1.84
20504,HF,1,1,5,4,AGHS3,2,0,35.7,1.84
20505,HF,1,1,5,5,AGHS3,2,1,.,0
20506,HF,1,1,5,6,AGH25,2,0,16.11,1.33
20507,HF,1,1,5,7,AGH25,2,0,19.5,1.2
20508,HF,1,1,5,8,AGH25,2,1,.,0
20509,HF,1,1,5,9,AGH25,2,0,8.7,0.71
20510,HF,1,1,5,10,AGH25,2,0,37.3,1.48
20511,HF,1,1,5,11,AGH2,2,0,30.9,1.45
20512,HF,1,1,5,12,AGH2,2,0,15.2,0.8
20513,HF,1,1,5,13,AGH2,2,0,31.5,1.37
20514,HF,1,1,5,14,AGH2,2,0,50.2,1.81
20515,HF,1,1,5,15,AGH2,2,0,33.6,1.97
20516,HF,1,1,5,16,AGHS2,2,0,31.9,1.89
20517,HF,1,1,5,17,AGHS2,2,0,56.4,2.03
20518,HF,1,1,5,18,AGHS2,2,0,36.2,2.21
20519,HF,1,1,5,19,AGHS2,2,1,.,0
20520,HF,1,1,5,20,AGHS2,2,0,38.9,2.24
20521,HF,1,1,5,21,AGHS1,2,0,33.3,1.83
20522,HF,1,1,5,22,AGHS1,2,0,44.9,2.21
20523,HF,1,1,5,23,AGHS1,2,1,.,0
20524,HF,1,1,5,24,AGHS1,2,0,32.9,1.71
20525,HF,1,1,5,25,AGHS1,2,0,37.6,2.09
20526,HF,1,1,5,26,AGHS4,2,0,44.7,2.33
20527,HF,1,1,5,27,AGHS4,2,0,47.8,1.97
20528,HF,1,1,5,28,AGHS4,2,0,51.8,2.31
20529,HF,1,1,5,29,AGHS4,2,0,34.4,1.7
20530,HF,1,1,5,30,AGHS4,2,0,38.9,1.8
20601,HF,2,1,6,1,AGHS4,2,0,52,2.24
20602,HF,2,1,6,2,AGHS4,2,1,.,0
20603,HF,2,1,6,3,AGHS4,2,1,.,0
20604,HF,2,1,6,4,AGHS4,2,0,51.5,2.63
20605,HF,2,1,6,5,AGHS4,2,0,57.8,2.17
20606,HF,2,1,6,6,AGH2,2,1,.,0
20607,HF,2,1,6,7,AGH2,2,0,31.8,1.48
20608,HF,2,1,6,8,AGH2,2,1,.,0
20609,HF,2,1,6,9,AGH2,2,0,11.6,0.74
20610,HF,2,1,6,10,AGH2,2,0,34.7,1.54
20611,HF,2,1,6,11,AGH25,2,0,41.4,1.98
20612,HF,2,1,6,12,AGH25,2,0,23.7,1.73
20613,HF,2,1,6,13,AGH25,2,0,36.6,1.5
20614,HF,2,1,6,14,AGH25,2,0,35.7,1.73
20615,HF,2,1,6,15,AGH25,2,1,.,0
20616,HF,2,1,6,16,AGHS1,2,0,49.4,3
20617,HF,2,1,6,17,AGHS1,2,0,47.8,2.53
20618,HF,2,1,6,18,AGHS1,2,0,30.2,1.37
20619,HF,2,1,6,19,AGHS1,2,0,58.4,2.64
20620,HF,2,1,6,20,AGHS1,2,0,44.7,2.43
20621,HF,2,1,6,21,AGHS2,2,0,35.6,2.19
20622,HF,2,1,6,22,AGHS2,2,0,42.6,2.34
20623,HF,2,1,6,23,AGHS2,2,0,39.2,2.35
20624,HF,2,1,6,24,AGHS2,2,0,39,1.4
20625,HF,2,1,6,25,AGHS2,2,0,45.9,2.24
20626,HF,2,1,6,26,AGHS3,2,0,39,1.9
20627,HF,2,1,6,27,AGHS3,2,0,38.2,1.89
20628,HF,2,1,6,28,AGHS3,2,0,55.2,2.21
20629,HF,2,1,6,29,AGHS3,2,0,38.2,1.82
20630,HF,2,1,6,30,AGHS3,2,1,.,0
20701,HF,2,1,7,1,AGHS4,2,0,60.04,2.68
20702,HF,2,0,7,2,AGHS4,2,0,44.15,2.16
20703,HF,2,0,7,3,AGHS4,2,0,53.77,2.49
20704,HF,2,0,7,4,AGHS4,2,0,53.9,2.45
20705,HF,2,1,7,5,AGHS4,2,0,39.67,2.05
20706,HF,2,1,7,6,AGH2,2,0,30.03,1.42
20707,HF,2,0,7,7,AGH2,2,0,50.19,1.6
20708,HF,2,0,7,8,AGH2,2,0,30.64,1.89
20709,HF,2,0,7,9,AGH2,2,0,32.52,1.51
20710,HF,2,1,7,10,AGH2,2,0,31.24,1.57
20711,HF,2,1,7,11,AGH25,2,0,27.11,1.46
20712,HF,2,0,7,12,AGH25,2,0,9.95,0.61
20713,HF,2,0,7,13,AGH25,2,0,27.98,1.32
20714,HF,2,0,7,14,AGH25,2,0,30.76,1.49
20715,HF,2,1,7,15,AGH25,2,0,26.66,1.35
20716,HF,2,1,7,16,AGHS1,2,0,34.62,0.92
20717,HF,2,0,7,17,AGHS1,2,0,43.15,3.42
20718,HF,2,0,7,18,AGHS1,2,0,47.31,2.86
20719,HF,2,0,7,19,AGHS1,2,0,43.73,2.6
20720,HF,2,1,7,20,AGHS1,2,0,31.91,2.32
20721,HF,2,1,7,21,AGHS2,2,0,25.15,1.6
20722,HF,2,0,7,22,AGHS2,2,0,17.61,1.34
20723,HF,2,0,7,23,AGHS2,2,0,26.69,1.85
20724,HF,2,0,7,24,AGHS2,2,0,14.88,1.25
20725,HF,2,1,7,25,AGHS2,2,0,32.14,1.88
20726,HF,2,1,7,26,AGHS3,2,0,28.06,1.6
20727,HF,2,0,7,27,AGHS3,2,1,.,0
20728,HF,2,0,7,28,AGHS3,2,0,12.19,2.83
20729,HF,2,0,7,29,AGHS3,2,0,40.99,1.6
20730,HF,2,1,7,30,AGHS3,2,0,40.28,1.54
20801,HF,2,1,8,1,AGHS4,2,0,54,2.32
20802,HF,2,0,8,2,AGHS4,2,0,56.81,2.86
20803,HF,2,0,8,3,AGHS4,2,0,49.93,2.65
20804,HF,2,0,8,4,AGHS4,2,0,53.41,2.57
20805,HF,2,1,8,5,AGHS4,2,0,46.63,2.47
20806,HF,2,1,8,6,AGH2,2,0,36.01,1.88
20807,HF,2,0,8,7,AGH2,2,0,28.88,1.82
20808,HF,2,0,8,8,AGH2,2,1,.,0
20809,HF,2,0,8,9,AGH2,2,0,20.96,1.18
20810,HF,2,1,8,10,AGH2,2,0,35.24,1.87
20811,HF,2,1,8,11,AGH25,2,0,50.18,2.34
20812,HF,2,0,8,12,AGH25,2,0,36.92,1.86
20813,HF,2,0,8,13,AGH25,2,0,35.65,1.91
20814,HF,2,0,8,14,AGH25,2,0,50.92,2.02
20815,HF,2,1,8,15,AGH25,2,0,48.6,2.02
20816,HF,2,1,8,16,AGHS1,2,0,33.3,2.35
20817,HF,2,0,8,17,AGHS1,2,0,40.58,2.58
20818,HF,2,0,8,18,AGHS1,2,0,42.84,2.15
20819,HF,2,0,8,19,AGHS1,2,0,33.61,2.33
20820,HF,2,1,8,20,AGHS1,2,0,56.07,3.14
20821,HF,2,1,8,21,AGHS2,2,0,30.04,2.16
20822,HF,2,0,8,22,AGHS2,2,0,24.93,1.56
20823,HF,2,0,8,23,AGHS2,2,0,25.69,1.73
20824,HF,2,0,8,24,AGHS2,2,0,31.02,1.35
20825,HF,2,1,8,25,AGHS2,2,0,36.7,1.91
20826,HF,2,1,8,26,AGHS3,2,0,18.84,1.53
20827,HF,2,0,8,27,AGHS3,2,0,19.62,1.64
20828,HF,2,0,8,28,AGHS3,2,0,44.25,1.85
20829,HF,2,0,8,29,AGHS3,2,0,12.53,0.93
20830,HF,2,1,8,30,AGHS3,2,0,18.84,1.34
20901,HF,2,1,9,1,AGHS4,2,0,30.7,1.38
20902,HF,2,0,9,2,AGHS4,2,0,43.7,2.32
20903,HF,2,0,9,3,AGHS4,2,0,45.26,2.62
20904,HF,2,0,9,4,AGHS4,2,0,44,2.38
20905,HF,2,1,9,5,AGHS4,2,0,46.3,2.53
20906,HF,2,1,9,6,AGH2,2,0,33.6,1.75
20907,HF,2,0,9,7,AGH2,2,0,44.8,2.2
20908,HF,2,0,9,8,AGH2,2,0,42,1.94
20909,HF,2,0,9,9,AGH2,2,0,37.2,1.85
20910,HF,2,1,9,10,AGH2,2,0,32.5,1.57
20911,HF,2,1,9,11,AGH25,2,0,36.6,1.83
20912,HF,2,0,9,12,AGH25,2,0,50.2,1.91
20913,HF,2,0,9,13,AGH25,2,0,29,1.62
20914,HF,2,0,9,14,AGH25,2,0,37.5,1.82
20915,HF,2,1,9,15,AGH25,2,0,52.1,1.98
20916,HF,2,1,9,16,AGHS1,2,0,43.1,2.48
20917,HF,2,0,9,17,AGHS1,2,0,34.2,2.35
20918,HF,2,0,9,18,AGHS1,2,0,34.7,1.91
20919,HF,2,0,9,19,AGHS1,2,0,30.5,1.9
20920,HF,2,1,9,20,AGHS1,2,0,32.4,1.86
20921,HF,2,1,9,21,AGHS2,2,0,45.8,2.78
20922,HF,2,0,9,22,AGHS2,2,0,35.2,2.45
20923,HF,2,0,9,23,AGHS2,2,0,35.5,2.2
20924,HF,2,0,9,24,AGHS2,2,0,31.7,1.46
20925,HF,2,1,9,25,AGHS2,2,0,20.8,1.34
20926,HF,2,1,9,26,AGHS3,2,0,42.6,1.65
20927,HF,2,0,9,27,AGHS3,2,0,19.3,1.63
20928,HF,2,0,9,28,AGHS3,2,0,27.6,1.68
20929,HF,2,0,9,29,AGHS3,2,0,31,1.47
20930,HF,2,1,9,30,AGHS3,2,0,27.9,1.38
21001,HF,2,1,10,1,AGHS4,2,0,41.1,2
21002,HF,2,1,10,2,AGHS4,2,0,39.7,2.24
21003,HF,2,1,10,3,AGHS4,2,0,46.3,2.5
21004,HF,2,1,10,4,AGHS4,2,0,42.7,2.56
21005,HF,2,1,10,5,AGHS4,2,0,44.6,2.38
21006,HF,2,1,10,6,AGH2,2,0,22.1,1.53
21007,HF,2,1,10,7,AGH2,2,0,33.2,1.8
21008,HF,2,1,10,8,AGH2,2,0,37.5,1.98
21009,HF,2,1,10,9,AGH2,2,0,36,1.9
21010,HF,2,1,10,10,AGH2,2,0,32.9,1.5
21011,HF,2,1,10,11,AGH25,2,0,56.3,2.68
21012,HF,2,1,10,12,AGH25,2,0,32,1.59
21013,HF,2,1,10,13,AGH25,2,0,29.7,1.92
21014,HF,2,1,10,14,AGH25,2,0,25.5,1.43
21015,HF,2,1,10,15,AGH25,2,0,29.2,1.57
21016,HF,2,1,10,16,AGHS1,2,0,30.5,2.3
21017,HF,2,1,10,17,AGHS1,2,0,28.7,1.85
21018,HF,2,1,10,18,AGHS1,2,0,44.7,2.38
21019,HF,2,1,10,19,AGHS1,2,0,17.5,1.28
21020,HF,2,1,10,20,AGHS1,2,0,28.6,1.5
21021,HF,2,1,10,21,AGHS2,2,0,34.7,1.98
21022,HF,2,1,10,22,AGHS2,2,0,43.3,2.52
21023,HF,2,1,10,23,AGHS2,2,0,52.5,2.75
21024,HF,2,1,10,24,AGHS2,2,0,27.5,1.66
21025,HF,2,1,10,25,AGHS2,2,0,23.2,1.51
21026,HF,2,1,10,26,AGHS3,2,0,25.1,1.52
21027,HF,2,1,10,27,AGHS3,2,0,19.7,1.25
21028,HF,2,1,10,28,AGHS3,2,0,47.9,1.63
21029,HF,2,1,10,29,AGHS3,2,0,45.9,1.75
21030,HF,2,1,10,30,AGHS3,2,0,21.3,1.21
21101,HF,3,1,11,1,AGHS1,2,0,52.8,2.57
21102,HF,3,1,11,2,AGHS1,2,0,40.9,2.26
21103,HF,3,1,11,3,AGHS1,2,0,37.8,2.31
21104,HF,3,1,11,4,AGHS1,2,0,35.3,2.46
21105,HF,3,1,11,5,AGHS1,2,0,41.6,2.55
21106,HF,3,1,11,6,AGHS3,2,0,52.4,2.56
21107,HF,3,1,11,7,AGHS3,2,0,40.8,2.05
21108,HF,3,1,11,8,AGHS3,2,0,48.8,2.38
21109,HF,3,1,11,9,AGHS3,2,0,50.7,2.35
21110,HF,3,1,11,10,AGHS3,2,0,49.9,2.13
21111,HF,3,1,11,11,AGHS2,2,0,48.7,2.82
21112,HF,3,1,11,12,AGHS2,2,0,51.4,2.85
21113,HF,3,1,11,13,AGHS2,2,0,64.1,2.83
21114,HF,3,1,11,14,AGHS2,2,0,43.1,2.72
21115,HF,3,1,11,15,AGHS2,2,0,46.8,2.64
21116,HF,3,1,11,16,AGH2,2,0,39.04,2.21
21117,HF,3,1,11,17,AGH2,2,0,35.3,1.6
21118,HF,3,1,11,18,AGH2,2,0,32.6,1.4
21119,HF,3,1,11,19,AGH2,2,0,38.2,1.65
21120,HF,3,1,11,20,AGH2,2,0,34.6,1.79
21121,HF,3,1,11,21,AGHS4,2,0,45.4,2.33
21122,HF,3,1,11,22,AGHS4,2,0,43.8,2.06
21123,HF,3,1,11,23,AGHS4,2,0,43.2,2.34
21124,HF,3,1,11,24,AGHS4,2,0,45.5,1.88
21125,HF,3,1,11,25,AGHS4,2,0,52,2.31
21126,HF,3,1,11,26,AGH25,2,0,19.5,0.97
21127,HF,3,1,11,27,AGH25,2,0,18.7,1.05
21128,HF,3,1,11,28,AGH25,2,0,13.3,0.86
21129,HF,3,1,11,29,AGH25,2,0,30.3,1.56
21130,HF,3,1,11,30,AGH25,2,0,20.53,1.19
21201,HF,3,1,12,1,AGHS1,2,0,58.2,2.79
21202,HF,3,0,12,2,AGHS1,2,0,49.8,2.5
21203,HF,3,0,12,3,AGHS1,2,0,52.8,2.58
21204,HF,3,0,12,4,AGHS1,2,0,51.3,2.38
21205,HF,3,1,12,5,AGHS1,2,0,39.4,2.9
21206,HF,3,1,12,6,AGHS3,2,0,51.5,2.73
21207,HF,3,0,12,7,AGHS3,2,0,49.3,2.55
21208,HF,3,0,12,8,AGHS3,2,0,35.6,2.09
21209,HF,3,0,12,9,AGHS3,2,0,41.34,2.05
21210,HF,3,1,12,10,AGHS3,2,0,60.3,2.83
21211,HF,3,1,12,11,AGHS2,2,0,49.4,2.48
21212,HF,3,0,12,12,AGHS2,2,0,47,2.48
21213,HF,3,0,12,13,AGHS2,2,0,49,2.58
21214,HF,3,0,12,14,AGHS2,2,0,50.9,2.65
21215,HF,3,1,12,15,AGHS2,2,0,34.4,1.92
21216,HF,3,1,12,16,AGH2,2,0,37.3,1.6
21217,HF,3,0,12,17,AGH2,2,0,35.7,1.54
21218,HF,3,0,12,18,AGH2,2,0,36.8,1.33
21219,HF,3,0,12,19,AGH2,2,0,34,1.44
21220,HF,3,1,12,20,AGH2,2,0,32.7,1.68
21221,HF,3,1,12,21,AGHS4,2,0,33.7,1.42
21222,HF,3,0,12,22,AGHS4,2,0,35.5,1.94
21223,HF,3,0,12,23,AGHS4,2,0,42.3,2.11
21224,HF,3,0,12,24,AGHS4,2,0,29,1.79
21225,HF,3,1,12,25,AGHS4,2,0,39.1,1.45
21226,HF,3,1,12,26,AGH25,2,0,22.3,1.13
21227,HF,3,0,12,27,AGH25,2,0,22.6,1.34
21228,HF,3,0,12,28,AGH25,2,0,26.8,1.28
21229,HF,3,0,12,29,AGH25,2,0,33.2,1.74
21230,HF,3,1,12,30,AGH25,2,1,.,0
21301,HF,3,1,13,1,AGHS1,2,0,33.88,1.82
21302,HF,3,0,13,2,AGHS1,2,0,41.6,2.22
21303,HF,3,0,13,3,AGHS1,2,0,37.72,2.2
21304,HF,3,0,13,4,AGHS1,2,0,29.45,1.82
21305,HF,3,1,13,5,AGHS1,2,0,43.01,2.52
21306,HF,3,1,13,6,AGHS3,2,0,32.33,1.62
21307,HF,3,0,13,7,AGHS3,2,0,22.48,1.59
21308,HF,3,0,13,8,AGHS3,2,0,31.7,2.04
21309,HF,3,0,13,9,AGHS3,2,0,33.5,1.92
21310,HF,3,1,13,10,AGHS3,2,0,33.4,2.09
21311,HF,3,1,13,11,AGHS2,2,0,36.63,2.42
21312,HF,3,0,13,12,AGHS2,2,0,35.4,2.3
21313,HF,3,0,13,13,AGHS2,2,0,46.15,2.54
21314,HF,3,0,13,14,AGHS2,2,0,46.72,2.5
21315,HF,3,1,13,15,AGHS2,2,0,47.11,2.44
21316,HF,3,1,13,16,AGH2,2,0,30.11,1.38
21317,HF,3,0,13,17,AGH2,2,0,41.48,1.54
21318,HF,3,0,13,18,AGH2,2,0,18.75,1.26
21319,HF,3,0,13,19,AGH2,2,1,.,0
21320,HF,3,1,13,20,AGH2,2,0,25.24,1.58
21321,HF,3,1,13,21,AGHS4,2,0,33.66,1.89
21322,HF,3,0,13,22,AGHS4,2,0,18.1,1.4
21323,HF,3,0,13,23,AGHS4,2,0,44.08,2.04
21324,HF,3,0,13,24,AGHS4,2,0,36.53,1.76
21325,HF,3,1,13,25,AGHS4,2,0,40.44,2.02
21326,HF,3,1,13,26,AGH25,2,0,22.61,1.22
21327,HF,3,0,13,27,AGH25,2,0,23.4,1.12
21328,HF,3,0,13,28,AGH25,2,0,6.24,0.47
21329,HF,3,0,13,29,AGH25,2,0,29.37,1.54
21330,HF,3,1,13,30,AGH25,2,0,35.73,1.41
21401,HF,3,1,14,1,AGHS1,2,0,58.37,2.55
21402,HF,3,0,14,2,AGHS1,2,0,62.62,2.8
21403,HF,3,0,14,3,AGHS1,2,0,69.31,2.83
21404,HF,3,0,14,4,AGHS1,2,0,35.18,2.32
21405,HF,3,1,14,5,AGHS1,2,0,41.67,2.38
21406,HF,3,1,14,6,AGHS3,2,0,36.86,1.9
21407,HF,3,0,14,7,AGHS3,2,0,45.63,2.34
21408,HF,3,0,14,8,AGHS3,2,0,34.47,2.02
21409,HF,3,0,14,9,AGHS3,2,0,48.92,2.32
21410,HF,3,1,14,10,AGHS3,2,0,47.37,2.52
21411,HF,3,1,14,11,AGHS2,2,0,32.77,1.78
21412,HF,3,0,14,12,AGHS2,2,0,55.81,2.95
21413,HF,3,0,14,13,AGHS2,2,0,60.75,2.77
21414,HF,3,0,14,14,AGHS2,2,0,76.54,2.9
21415,HF,3,1,14,15,AGHS2,2,0,57.96,2.64
21416,HF,3,1,14,16,AGH2,2,0,27.7,1.04
21417,HF,3,0,14,17,AGH2,2,0,36.61,1.51
21418,HF,3,0,14,18,AGH2,2,0,38.28,1.54
21419,HF,3,0,14,19,AGH2,2,0,35.43,1.59
21420,HF,3,1,14,20,AGH2,2,0,23.42,1.04
21421,HF,3,1,14,21,AGHS4,2,1,.,0
21422,HF,3,0,14,22,AGHS4,2,0,29.01,1.62
21423,HF,3,0,14,23,AGHS4,2,0,30.3,1.57
21424,HF,3,0,14,24,AGHS4,2,0,38.27,1.89
21425,HF,3,1,14,25,AGHS4,2,0,25.06,1.53
21426,HF,3,1,14,26,AGH25,2,0,22.66,1.07
21427,HF,3,0,14,27,AGH25,2,0,43.7,1.71
21428,HF,3,0,14,28,AGH25,2,0,42.22,1.62
21429,HF,3,0,14,29,AGH25,2,0,31,1.44
21430,HF,3,1,14,30,AGH25,2,0,33.07,1.4
21501,HF,3,1,15,1,AGHS1,2,0,44.91,1.95
21502,HF,3,1,15,2,AGHS1,2,0,35.11,2
21503,HF,3,1,15,3,AGHS1,2,0,39.74,2.04
21504,HF,3,1,15,4,AGHS1,2,0,41.96,2.48
21505,HF,3,1,15,5,AGHS1,2,0,51.18,2.69
21506,HF,3,1,15,6,AGHS3,2,0,39.75,1.92
21507,HF,3,1,15,7,AGHS3,2,0,39.24,2.24
21508,HF,3,1,15,8,AGHS3,2,0,48.08,2.32
21509,HF,3,1,15,9,AGHS3,2,0,43.78,2.47
21510,HF,3,1,15,10,AGHS3,2,0,26.73,1.44
21511,HF,3,1,15,11,AGHS2,2,0,27.13,1.54
21512,HF,3,1,15,12,AGHS2,2,0,39.44,2.38
21513,HF,3,1,15,13,AGHS2,2,0,34.37,2.28
21514,HF,3,1,15,14,AGHS2,2,0,43.5,2.35
21515,HF,3,1,15,15,AGHS2,2,0,26.39,1.54
21516,HF,3,1,15,16,AGH2,2,0,14.59,0.79
21517,HF,3,1,15,17,AGH2,2,0,25.41,1.26
21518,HF,3,1,15,18,AGH2,2,1,.,0
21519,HF,3,1,15,19,AGH2,2,0,10.2,0.87
21520,HF,3,1,15,20,AGH2,2,1,.,0
21521,HF,3,1,15,21,AGHS4,2,0,26.55,1.44
21522,HF,3,1,15,22,AGHS4,2,0,16.39,1.08
21523,HF,3,1,15,23,AGHS4,2,0,38.14,1.94
21524,HF,3,1,15,24,AGHS4,2,0,15.84,1.02
21525,HF,3,1,15,25,AGHS4,2,0,39.14,2.02
21526,HF,3,1,15,26,AGH25,2,0,41.84,1.63
21527,HF,3,1,15,27,AGH25,2,0,54.96,2.24
21528,HF,3,1,15,28,AGH25,2,0,50.48,2.2
21529,HF,3,1,15,29,AGH25,2,0,4.41,0.35
21530,HF,3,1,15,30,AGH25,2,1,.,0
21601,HF,4,1,16,1,AGHS2,2,0,31.03,1.62
21602,HF,4,1,16,2,AGHS2,2,0,45.73,2.5
21603,HF,4,1,16,3,AGHS2,2,0,44.47,2.77
21604,HF,4,1,16,4,AGHS2,2,0,59.63,2.87
21605,HF,4,1,16,5,AGHS2,2,0,55.3,2.66
21606,HF,4,1,16,6,AGHS4,2,0,57.35,2.69
21607,HF,4,1,16,7,AGHS4,2,0,46.53,2.64
21608,HF,4,1,16,8,AGHS4,2,0,37.92,1.98
21609,HF,4,1,16,9,AGHS4,2,0,31.62,1.65
21610,HF,4,1,16,10,AGHS4,2,0,33.09,2.18
21611,HF,4,1,16,11,AGH25,2,0,38.2,2.02
21612,HF,4,1,16,12,AGH25,2,0,29.1,1.6
21613,HF,4,1,16,13,AGH25,2,0,19.3,0.98
21614,HF,4,1,16,14,AGH25,2,0,27.43,1.28
21615,HF,4,1,16,15,AGH25,2,0,25.39,1.35
21616,HF,4,1,16,16,AGHS3,2,0,39.31,2.15
21617,HF,4,1,16,17,AGHS3,2,0,13.95,0.4
21618,HF,4,1,16,18,AGHS3,2,0,28.36,1.52
21619,HF,4,1,16,19,AGHS3,2,0,26.05,1.73
21620,HF,4,1,16,20,AGHS3,2,0,42.12,2.31
21621,HF,4,1,16,21,AGH2,2,0,24.66,1.41
21622,HF,4,1,16,22,AGH2,2,0,25.07,1.35
21623,HF,4,1,16,23,AGH2,2,0,36.57,1.56
21624,HF,4,1,16,24,AGH2,2,0,18.84,1.1
21625,HF,4,1,16,25,AGH2,2,0,22.51,1.11
21626,HF,4,1,16,26,AGHS1,2,0,40.08,2
21627,HF,4,1,16,27,AGHS1,2,1,.,0
21628,HF,4,1,16,28,AGHS1,2,0,60.02,2.56
21629,HF,4,1,16,29,AGHS1,2,0,42.59,2.27
21630,HF,4,1,16,30,AGHS1,2,0,40.63,1.73
21701,HF,4,1,17,1,AGHS2,2,0,49.3,2.49
21702,HF,4,0,17,2,AGHS2,2,0,40.2,2.29
21703,HF,4,0,17,3,AGHS2,2,0,44.5,2.64
21704,HF,4,0,17,4,AGHS2,2,0,54.2,2.96
21705,HF,4,1,17,5,AGHS2,2,0,52.8,2.93
21706,HF,4,1,17,6,AGHS4,2,0,40.5,2.25
21707,HF,4,0,17,7,AGHS4,2,0,34.6,2.16
21708,HF,4,0,17,8,AGHS4,2,0,38.9,1.88
21709,HF,4,0,17,9,AGHS4,2,0,38.6,2.32
21710,HF,4,1,17,10,AGHS4,2,0,36.9,2.4
21711,HF,4,1,17,11,AGH25,2,0,43.9,2.27
21712,HF,4,0,17,12,AGH25,2,0,18.5,1.22
21713,HF,4,0,17,13,AGH25,2,0,30.7,1.37
21714,HF,4,0,17,14,AGH25,2,0,34.6,2.06
21715,HF,4,1,17,15,AGH25,2,0,29,1.43
21716,HF,4,1,17,16,AGHS3,2,0,30.9,1.6
21717,HF,4,0,17,17,AGHS3,2,0,35.3,1.8
21718,HF,4,0,17,18,AGHS3,2,0,30.9,2.16
21719,HF,4,0,17,19,AGHS3,2,0,26.5,1.78
21720,HF,4,1,17,20,AGHS3,2,0,31.3,1.92
21721,HF,4,1,17,21,AGH2,2,0,24.4,1.49
21722,HF,4,0,17,22,AGH2,2,0,33.2,1.5
21723,HF,4,0,17,23,AGH2,2,0,23.5,1.19
21724,HF,4,0,17,24,AGH2,2,0,19.1,1.07
21725,HF,4,1,17,25,AGH2,2,0,20.8,1.09
21726,HF,4,1,17,26,AGHS1,2,0,49.5,2.21
21727,HF,4,0,17,27,AGHS1,2,0,41.7,2.34
21728,HF,4,0,17,28,AGHS1,2,0,44.2,1.58
21729,HF,4,0,17,29,AGHS1,2,0,46.2,1.3
21730,HF,4,1,17,30,AGHS1,2,0,25.2,1.05
21801,HF,4,1,18,1,AGHS2,2,0,30.8,1.97
21802,HF,4,0,18,2,AGHS2,2,0,36.8,2.31
21803,HF,4,0,18,3,AGHS2,2,0,44.5,2.69
21804,HF,4,0,18,4,AGHS2,2,0,43,1.73
21805,HF,4,1,18,5,AGHS2,2,0,50.8,2.81
21806,HF,4,1,18,6,AGHS4,2,0,40.5,2.12
21807,HF,4,0,18,7,AGHS4,2,0,39.5,2.22
21808,HF,4,0,18,8,AGHS4,2,0,31.8,2.03
21809,HF,4,0,18,9,AGHS4,2,0,37,2.27
21810,HF,4,1,18,10,AGHS4,2,0,43.7,2.41
21811,HF,4,1,18,11,AGH25,2,0,38.8,1.81
21812,HF,4,0,18,12,AGH25,2,0,21.1,2.32
21813,HF,4,0,18,13,AGH25,2,0,35.8,1.72
21814,HF,4,0,18,14,AGH25,2,0,28.9,1.34
21815,HF,4,1,18,15,AGH25,2,0,32.5,1.44
21816,HF,4,1,18,16,AGHS3,2,0,31,1.84
21817,HF,4,0,18,17,AGHS3,2,0,36.5,1.94
21818,HF,4,0,18,18,AGHS3,2,0,32.8,1.68
21819,HF,4,0,18,19,AGHS3,2,0,31.4,1.76
21820,HF,4,1,18,20,AGHS3,2,0,30.8,1.6
21821,HF,4,1,18,21,AGH2,2,0,25.4,1.42
21822,HF,4,0,18,22,AGH2,2,0,18.6,1.2
21823,HF,4,0,18,23,AGH2,2,0,27.1,1.4
21824,HF,4,0,18,24,AGH2,2,1,.,0
21825,HF,4,1,18,25,AGH2,2,0,28.1,1.23
21826,HF,4,1,18,26,AGHS1,2,0,31.2,1.37
21827,HF,4,0,18,27,AGHS1,2,0,32.3,1.88
21828,HF,4,0,18,28,AGHS1,2,0,38.1,2.26
21829,HF,4,0,18,29,AGHS1,2,0,18,1.17
21830,HF,4,1,18,30,AGHS1,2,0,32.6,1.69
21901,HF,4,1,19,1,AGHS2,2,0,39.3,2.35
21902,HF,4,0,19,2,AGHS2,2,0,49,2.48
21903,HF,4,0,19,3,AGHS2,2,0,41.5,2.5
21904,HF,4,0,19,4,AGHS2,2,0,52.6,2.73
21905,HF,4,1,19,5,AGHS2,2,0,40.4,2.35
21906,HF,4,1,19,6,AGHS4,2,0,50.1,2.23
21907,HF,4,0,19,7,AGHS4,2,0,50.3,2.55
21908,HF,4,0,19,8,AGHS4,2,0,41.7,2.36
21909,HF,4,0,19,9,AGHS4,2,0,41.7,2.34
21910,HF,4,1,19,10,AGHS4,2,0,37.85,1.71
21911,HF,4,1,19,11,AGH25,2,0,60.1,2
21912,HF,4,0,19,12,AGH25,2,0,50.3,1.62
21913,HF,4,0,19,13,AGH25,2,0,41.3,1.92
21914,HF,4,0,19,14,AGH25,2,0,35.5,1.5
21915,HF,4,1,19,15,AGH25,2,0,54.2,2.9
21916,HF,4,1,19,16,AGHS3,2,0,44.2,2.25
21917,HF,4,0,19,17,AGHS3,2,0,44.3,2.08
21918,HF,4,0,19,18,AGHS3,2,0,42.8,1.68
21919,HF,4,0,19,19,AGHS3,2,0,28.1,1.31
21920,HF,4,1,19,20,AGHS3,2,0,29.6,1.43
21921,HF,4,1,19,21,AGH2,2,0,32.7,1.83
21922,HF,4,0,19,22,AGH2,2,0,33.6,1.63
21923,HF,4,0,19,23,AGH2,2,0,35.1,1.64
21924,HF,4,0,19,24,AGH2,2,1,.,0
21925,HF,4,1,19,25,AGH2,2,0,16.2,1.31
21926,HF,4,1,19,26,AGHS1,2,0,37.3,2.38
21927,HF,4,0,19,27,AGHS1,2,0,47.7,2.47
21928,HF,4,0,19,28,AGHS1,2,0,20.4,1.24
21929,HF,4,0,19,29,AGHS1,2,0,23.8,1.28
21930,HF,4,1,19,30,AGHS1,2,0,37.8,1.84
22001,HF,4,1,20,1,AGHS2,2,1,.,0
22002,HF,4,1,20,2,AGHS2,2,1,.,0
22003,HF,4,1,20,3,AGHS2,2,0,51.3,2.35
22004,HF,4,1,20,4,AGHS2,2,0,49.48,2.45
22005,HF,4,1,20,5,AGHS2,2,0,45.59,2.15
22006,HF,4,1,20,6,AGHS4,2,0,50.6,2.6
22007,HF,4,1,20,7,AGHS4,2,0,49.39,2.2
22008,HF,4,1,20,8,AGHS4,2,0,41.03,1.7
22009,HF,4,1,20,9,AGHS4,2,0,45.07,2.26
22010,HF,4,1,20,10,AGHS4,2,0,43.01,2.05
22011,HF,4,1,20,11,AGH25,2,0,41.44,2.3
22012,HF,4,1,20,12,AGH25,2,0,42.1,2.1
22013,HF,4,1,20,13,AGH25,2,0,43.02,2.16
22014,HF,4,1,20,14,AGH25,2,0,21.9,0.9
22015,HF,4,1,20,15,AGH25,2,0,41.54,1.57
22016,HF,4,1,20,16,AGHS3,2,0,33.59,1.28
22017,HF,4,1,20,17,AGHS3,2,0,37.13,1.6
22018,HF,4,1,20,18,AGHS3,2,0,59.2,2.53
22019,HF,4,1,20,19,AGHS3,2,0,36.5,2.8
22020,HF,4,1,20,20,AGHS3,2,0,61.4,1.92
22021,HF,4,1,20,21,AGH2,2,0,38.8,1.5
22022,HF,4,1,20,22,AGH2,2,0,17.28,1.1
22023,HF,4,1,20,23,AGH2,2,0,25.7,1.24
22024,HF,4,1,20,24,AGH2,2,0,16.39,1.28
22025,HF,4,1,20,25,AGH2,2,0,26.14,1.32
22026,HF,4,1,20,26,AGHS1,2,0,23.4,1.24
22027,HF,4,1,20,27,AGHS1,2,0,22.3,1.56
22028,HF,4,1,20,28,AGHS1,2,0,24.6,1.48
22029,HF,4,1,20,29,AGHS1,2,0,40.7,2.08
22030,HF,4,1,20,30,AGHS1,2,0,18.9,1.55
